-375;-395;-5;0.09
-345;-395;-5;0.06
-315;-395;-5;0.09
-295;-395;-5;0.12
-285;-395;-5;0.09
-265;-395;-5;0.12
-195;-395;-5;0.06
-165;-395;-5;0.06
-155;-395;-5;0.03
-135;-395;-5;0.18
-115;-395;-5;0.09
-85;-395;-5;0.12
-65;-395;-5;0.09
-55;-395;-5;0.09
-15;-395;-5;0.09
-5;-395;-5;0.09
15;-395;-5;0.03
25;-395;-5;0.03
65;-395;-5;0.09
95;-395;-5;0.12
125;-395;-5;0.09
145;-395;-5;0.06
155;-395;-5;0.06
175;-395;-5;0.09
205;-395;-5;0.06
225;-395;-5;0.18
285;-395;-5;0.03
305;-395;-5;0.06
335;-395;-5;0.03
355;-395;-5;0.12
-395;-385;-5;0.24
-375;-385;-5;0.18
-365;-385;-5;0.36
-345;-385;-5;0.21
-295;-385;-5;0.33
-275;-385;-5;0.18
-245;-385;-5;0.33
-215;-385;-5;0.24
-185;-385;-5;0.24
-175;-385;-5;0.3
-135;-385;-5;0.33
-95;-385;-5;0.21
-85;-385;-5;0.24
-75;-385;-5;0.21
-65;-385;-5;0.21
-55;-385;-5;0.21
-25;-385;-5;0.15
-15;-385;-5;0.21
-5;-385;-5;0.12
15;-385;-5;0.24
35;-385;-5;0.21
55;-385;-5;0.27
75;-385;-5;0.18
85;-385;-5;0.33
95;-385;-5;0.21
125;-385;-5;0.27
145;-385;-5;0.27
175;-385;-5;0.18
205;-385;-5;0.18
215;-385;-5;0.24
225;-385;-5;0.18
245;-385;-5;0.21
275;-385;-5;0.27
325;-385;-5;0.3
335;-385;-5;0.24
375;-385;-5;0.3
395;-385;-5;0.12
-395;-375;-5;0.15
-385;-375;-5;0.21
-375;-375;-5;0.15
-355;-375;-5;0.27
-345;-375;-5;0.09
-335;-375;-5;0.06
-325;-375;-5;0.12
-315;-375;-5;0.18
-295;-375;-5;0.15
-285;-375;-5;0.21
-225;-375;-5;0.21
-205;-375;-5;0.21
-195;-375;-5;0.21
-175;-375;-5;0.24
-155;-375;-5;0.15
-95;-375;-5;0.27
-85;-375;-5;0.06
-75;-375;-5;0.3
-65;-375;-5;0.15
-35;-375;-5;0.18
-25;-375;-5;0.27
-5;-375;-5;0.18
5;-375;-5;0.39
25;-375;-5;0.27
95;-375;-5;0.24
105;-375;-5;0.42
115;-375;-5;0.18
155;-375;-5;0.3
165;-375;-5;0.21
195;-375;-5;0.09
225;-375;-5;0.27
265;-375;-5;0.15
275;-375;-5;0.15
305;-375;-5;0.21
325;-375;-5;0.03
335;-375;-5;0.15
345;-375;-5;0.18
365;-375;-5;0.15
385;-375;-5;0.24
395;-375;-5;0.09
-395;-365;-5;0.09
-385;-365;-5;0.18
-375;-365;-5;0.27
-365;-365;-5;0.39
-325;-365;-5;0.21
-315;-365;-5;0.21
-265;-365;-5;0.18
-255;-365;-5;0.15
-245;-365;-5;0.06
-215;-365;-5;0.12
-205;-365;-5;0.18
-155;-365;-5;0.24
-145;-365;-5;0.24
-115;-365;-5;0.15
-85;-365;-5;0.12
-45;-365;-5;0.24
-35;-365;-5;0.12
-25;-365;-5;0.18
-15;-365;-5;0.21
-5;-365;-5;0.3
15;-365;-5;0.27
25;-365;-5;0.21
45;-365;-5;0.18
65;-365;-5;0.27
85;-365;-5;0.12
95;-365;-5;0.24
115;-365;-5;0.27
135;-365;-5;0.18
145;-365;-5;0.27
165;-365;-5;0.21
175;-365;-5;0.3
205;-365;-5;0.21
215;-365;-5;0.24
225;-365;-5;0.18
235;-365;-5;0.12
255;-365;-5;0.33
265;-365;-5;0.12
285;-365;-5;0.27
305;-365;-5;0.27
345;-365;-5;0.09
355;-365;-5;0.15
365;-365;-5;0.24
375;-365;-5;0.3
385;-365;-5;0.3
395;-365;-5;0.09
-385;-355;-5;0.21
-375;-355;-5;0.24
-365;-355;-5;0.27
-345;-355;-5;0.27
-295;-355;-5;0.21
-235;-355;-5;0.12
-205;-355;-5;0.18
-195;-355;-5;0.21
-165;-355;-5;0.21
-155;-355;-5;0.18
-135;-355;-5;0.33
-125;-355;-5;0.12
-95;-355;-5;0.27
-85;-355;-5;0.27
-45;-355;-5;0.27
-15;-355;-5;0.33
35;-355;-5;0.27
115;-355;-5;0.12
125;-355;-5;0.21
135;-355;-5;0.12
145;-355;-5;0.33
175;-355;-5;0.33
195;-355;-5;0.21
225;-355;-5;0.27
235;-355;-5;0.24
245;-355;-5;0.18
255;-355;-5;0.09
285;-355;-5;0.18
315;-355;-5;0.27
325;-355;-5;0.3
355;-355;-5;0.24
-395;-345;-5;0.06
-385;-345;-5;0.24
-365;-345;-5;0.15
-355;-345;-5;0.3
-335;-345;-5;0.36
-315;-345;-5;0.27
-275;-345;-5;0.24
-255;-345;-5;0.3
-235;-345;-5;0.24
-225;-345;-5;0.27
-215;-345;-5;0.21
-205;-345;-5;0.18
-185;-345;-5;0.21
-165;-345;-5;0.33
-135;-345;-5;0.24
-115;-345;-5;0.18
-95;-345;-5;0.18
-85;-345;-5;0.15
-75;-345;-5;0.15
-65;-345;-5;0.33
-45;-345;-5;0.18
-35;-345;-5;0.21
-25;-345;-5;0.18
-15;-345;-5;0.21
-5;-345;-5;0.21
75;-345;-5;0.21
85;-345;-5;0.24
105;-345;-5;0.27
115;-345;-5;0.36
135;-345;-5;0.15
175;-345;-5;0.3
185;-345;-5;0.33
195;-345;-5;0.21
205;-345;-5;0.21
215;-345;-5;0.21
275;-345;-5;0.18
305;-345;-5;0.27
335;-345;-5;0.21
345;-345;-5;0.24
355;-345;-5;0.27
365;-345;-5;0.33
375;-345;-5;0.24
395;-345;-5;0.18
-395;-335;-5;0.18
-385;-335;-5;0.3
-355;-335;-5;0.24
-345;-335;-5;0.09
-335;-335;-5;0.33
-315;-335;-5;0.18
-305;-335;-5;0.27
-285;-335;-5;0.36
-275;-335;-5;0.09
-265;-335;-5;0.36
-255;-335;-5;0.15
-235;-335;-5;0.27
-225;-335;-5;0.3
-215;-335;-5;0.15
-185;-335;-5;0.18
-175;-335;-5;0.15
-135;-335;-5;0.27
-125;-335;-5;0.33
-95;-335;-5;0.15
-75;-335;-5;0.18
-55;-335;-5;0.21
-45;-335;-5;0.27
-15;-335;-5;0.21
25;-335;-5;0.3
35;-335;-5;0.21
45;-335;-5;0.15
75;-335;-5;0.12
115;-335;-5;0.15
165;-335;-5;0.18
185;-335;-5;0.27
205;-335;-5;0.27
225;-335;-5;0.21
235;-335;-5;0.24
255;-335;-5;0.21
265;-335;-5;0.24
285;-335;-5;0.18
305;-335;-5;0.24
335;-335;-5;0.18
355;-335;-5;0.21
365;-335;-5;0.24
375;-335;-5;0.24
385;-335;-5;0.27
-385;-325;-5;0.27
-375;-325;-5;0.33
-345;-325;-5;0.27
-305;-325;-5;0.12
-275;-325;-5;0.24
-265;-325;-5;0.24
-255;-325;-5;0.24
-235;-325;-5;0.21
-215;-325;-5;0.21
-165;-325;-5;0.24
-145;-325;-5;0.33
-135;-325;-5;0.18
-115;-325;-5;0.3
-85;-325;-5;0.18
-75;-325;-5;0.18
-55;-325;-5;0.21
-35;-325;-5;0.18
-25;-325;-5;0.24
25;-325;-5;0.36
65;-325;-5;0.42
75;-325;-5;0.24
115;-325;-5;0.33
125;-325;-5;0.18
145;-325;-5;0.3
155;-325;-5;0.15
185;-325;-5;0.21
255;-325;-5;0.21
265;-325;-5;0.18
275;-325;-5;0.24
285;-325;-5;0.21
315;-325;-5;0.21
325;-325;-5;0.21
355;-325;-5;0.36
365;-325;-5;0.09
-385;-315;-5;0.3
-375;-315;-5;0.24
-365;-315;-5;0.21
-325;-315;-5;0.15
-315;-315;-5;0.15
-305;-315;-5;0.21
-285;-315;-5;0.12
-275;-315;-5;0.21
-255;-315;-5;0.3
-245;-315;-5;0.18
-235;-315;-5;0.21
-225;-315;-5;0.36
-215;-315;-5;0.18
-205;-315;-5;0.33
-195;-315;-5;0.36
-185;-315;-5;0.15
-175;-315;-5;0.21
-165;-315;-5;0.33
-155;-315;-5;0.15
-115;-315;-5;0.27
-105;-315;-5;0.18
-95;-315;-5;0.39
-65;-315;-5;0.3
-55;-315;-5;0.21
-45;-315;-5;0.27
-35;-315;-5;0.27
15;-315;-5;0.27
35;-315;-5;0.24
45;-315;-5;0.3
55;-315;-5;0.33
75;-315;-5;0.24
85;-315;-5;0.33
105;-315;-5;0.18
115;-315;-5;0.24
135;-315;-5;0.24
145;-315;-5;0.33
155;-315;-5;0.15
165;-315;-5;0.12
175;-315;-5;0.3
185;-315;-5;0.24
205;-315;-5;0.03
225;-315;-5;0.3
265;-315;-5;0.33
285;-315;-5;0.24
295;-315;-5;0.24
315;-315;-5;0.18
335;-315;-5;0.27
365;-315;-5;0.27
-385;-305;-5;0.39
-375;-305;-5;0.03
-365;-305;-5;0.24
-325;-305;-5;0.3
-305;-305;-5;0.21
-295;-305;-5;0.15
-245;-305;-5;0.12
-235;-305;-5;0.18
-185;-305;-5;0.24
-175;-305;-5;0.33
-165;-305;-5;0.12
-135;-305;-5;0.21
-125;-305;-5;0.3
-115;-305;-5;0.18
-105;-305;-5;0.21
-65;-305;-5;0.27
-45;-305;-5;0.42
-35;-305;-5;0.15
-25;-305;-5;0.18
-15;-305;-5;0.21
25;-305;-5;0.24
45;-305;-5;0.12
65;-305;-5;0.15
85;-305;-5;0.27
95;-305;-5;0.09
115;-305;-5;0.21
145;-305;-5;0.18
155;-305;-5;0.21
165;-305;-5;0.27
225;-305;-5;0.24
255;-305;-5;0.06
265;-305;-5;0.21
275;-305;-5;0.24
285;-305;-5;0.18
305;-305;-5;0.18
325;-305;-5;0.21
385;-305;-5;0.24
-395;-295;-5;0.18
-345;-295;-5;0.21
-315;-295;-5;0.21
-295;-295;-5;0.18
-285;-295;-5;0.27
-245;-295;-5;0.24
-185;-295;-5;0.18
-175;-295;-5;0.21
-155;-295;-5;0.15
-145;-295;-5;0.33
-135;-295;-5;0.15
-125;-295;-5;0.27
-115;-295;-5;0.24
-105;-295;-5;0.42
-95;-295;-5;0.24
-85;-295;-5;0.21
-65;-295;-5;0.12
-55;-295;-5;0.24
-25;-295;-5;0.15
5;-295;-5;0.3
15;-295;-5;0.18
45;-295;-5;0.24
55;-295;-5;0.09
65;-295;-5;0.3
95;-295;-5;0.18
105;-295;-5;0.18
125;-295;-5;0.27
145;-295;-5;0.24
175;-295;-5;0.24
195;-295;-5;0.21
205;-295;-5;0.21
215;-295;-5;0.24
225;-295;-5;0.21
255;-295;-5;0.36
265;-295;-5;0.12
305;-295;-5;0.24
325;-295;-5;0.42
335;-295;-5;0.18
365;-295;-5;0.09
-395;-285;-5;0.15
-385;-285;-5;0.21
-375;-285;-5;0.24
-355;-285;-5;0.15
-345;-285;-5;0.18
-325;-285;-5;0.3
-275;-285;-5;0.15
-265;-285;-5;0.33
-255;-285;-5;0.27
-245;-285;-5;0.24
-225;-285;-5;0.27
-185;-285;-5;0.21
-155;-285;-5;0.18
-135;-285;-5;0.18
-125;-285;-5;0.27
-115;-285;-5;0.24
-105;-285;-5;0.21
-55;-285;-5;0.27
-35;-285;-5;0.27
-25;-285;-5;0.18
-15;-285;-5;0.36
35;-285;-5;0.21
45;-285;-5;0.18
55;-285;-5;0.3
65;-285;-5;0.24
125;-285;-5;0.27
145;-285;-5;0.36
165;-285;-5;0.3
175;-285;-5;0.27
195;-285;-5;0.21
215;-285;-5;0.3
245;-285;-5;0.18
255;-285;-5;0.24
265;-285;-5;0.42
285;-285;-5;0.18
295;-285;-5;0.27
315;-285;-5;0.18
365;-285;-5;0.18
395;-285;-5;0.21
-395;-275;-5;0.09
-375;-275;-5;0.21
-365;-275;-5;0.12
-355;-275;-5;0.33
-345;-275;-5;0.09
-335;-275;-5;0.24
-315;-275;-5;0.12
-285;-275;-5;0.36
-275;-275;-5;0.24
-265;-275;-5;0.12
-245;-275;-5;0.39
-205;-275;-5;0.3
-195;-275;-5;0.18
-185;-275;-5;0.3
-175;-275;-5;0.33
-165;-275;-5;0.21
-145;-275;-5;0.27
-125;-275;-5;0.27
-115;-275;-5;0.27
-95;-275;-5;0.27
-85;-275;-5;0.15
-75;-275;-5;0.27
-45;-275;-5;0.06
-35;-275;-5;0.15
-25;-275;-5;0.18
-5;-275;-5;0.15
25;-275;-5;0.24
45;-275;-5;0.12
55;-275;-5;0.18
135;-275;-5;0.21
175;-275;-5;0.18
195;-275;-5;0.21
215;-275;-5;0.15
245;-275;-5;0.3
255;-275;-5;0.21
265;-275;-5;0.24
275;-275;-5;0.12
285;-275;-5;0.27
295;-275;-5;0.09
305;-275;-5;0.21
325;-275;-5;0.21
335;-275;-5;0.21
345;-275;-5;0.15
365;-275;-5;0.15
375;-275;-5;0.24
385;-275;-5;0.27
395;-275;-5;0.06
-395;-265;-5;0.18
-385;-265;-5;0.18
-375;-265;-5;0.24
-355;-265;-5;0.12
-345;-265;-5;0.24
-335;-265;-5;0.3
-315;-265;-5;0.3
-305;-265;-5;0.27
-295;-265;-5;0.18
-265;-265;-5;0.24
-255;-265;-5;0.24
-245;-265;-5;0.18
-235;-265;-5;0.3
-195;-265;-5;0.27
-175;-265;-5;0.3
-165;-265;-5;0.15
-155;-265;-5;0.27
-145;-265;-5;0.24
-135;-265;-5;0.15
-125;-265;-5;0.27
-85;-265;-5;0.3
-75;-265;-5;0.21
-45;-265;-5;0.18
-35;-265;-5;0.21
5;-265;-5;0.18
25;-265;-5;0.21
35;-265;-5;0.15
45;-265;-5;0.42
85;-265;-5;0.3
95;-265;-5;0.33
125;-265;-5;0.24
145;-265;-5;0.27
155;-265;-5;0.36
195;-265;-5;0.24
225;-265;-5;0.36
235;-265;-5;0.15
255;-265;-5;0.15
275;-265;-5;0.18
285;-265;-5;0.3
295;-265;-5;0.18
325;-265;-5;0.21
335;-265;-5;0.33
345;-265;-5;0.06
355;-265;-5;0.33
395;-265;-5;0.21
-395;-255;-5;0.21
-355;-255;-5;0.18
-345;-255;-5;0.15
-305;-255;-5;0.15
-265;-255;-5;0.21
-255;-255;-5;0.21
-245;-255;-5;0.27
-235;-255;-5;0.24
-165;-255;-5;0.27
-155;-255;-5;0.24
-115;-255;-5;0.27
-105;-255;-5;0.3
-95;-255;-5;0.21
-55;-255;-5;0.27
-25;-255;-5;0.18
-15;-255;-5;0.24
25;-255;-5;0.15
65;-255;-5;0.24
95;-255;-5;0.21
105;-255;-5;0.18
115;-255;-5;0.33
145;-255;-5;0.27
155;-255;-5;0.12
175;-255;-5;0.3
185;-255;-5;0.09
245;-255;-5;0.12
285;-255;-5;0.21
315;-255;-5;0.18
325;-255;-5;0.36
335;-255;-5;0.27
365;-255;-5;0.21
385;-255;-5;0.36
-395;-245;-5;0.12
-365;-245;-5;0.06
-355;-245;-5;0.18
-335;-245;-5;0.21
-325;-245;-5;0.3
-295;-245;-5;0.06
-275;-245;-5;0.18
-255;-245;-5;0.09
-235;-245;-5;0.15
-225;-245;-5;0.18
-205;-245;-5;0.15
-125;-245;-5;0.12
-115;-245;-5;0.24
-105;-245;-5;0.06
-95;-245;-5;0.3
-55;-245;-5;0.18
-35;-245;-5;0.24
-15;-245;-5;0.21
5;-245;-5;0.15
15;-245;-5;0.21
55;-245;-5;0.21
85;-245;-5;0.21
105;-245;-5;0.24
115;-245;-5;0.24
125;-245;-5;0.15
135;-245;-5;0.24
145;-245;-5;0.39
155;-245;-5;0.21
195;-245;-5;0.15
245;-245;-5;0.3
265;-245;-5;0.21
285;-245;-5;0.3
295;-245;-5;0.18
305;-245;-5;0.09
385;-245;-5;0.3
395;-245;-5;0.12
-395;-235;-5;0.18
-375;-235;-5;0.12
-305;-235;-5;0.24
-295;-235;-5;0.27
-255;-235;-5;0.48
-245;-235;-5;0.09
-235;-235;-5;0.27
-225;-235;-5;0.24
-205;-235;-5;0.24
-195;-235;-5;0.24
-185;-235;-5;0.24
-165;-235;-5;0.21
-135;-235;-5;0.3
-125;-235;-5;0.33
-115;-235;-5;0.21
-105;-235;-5;0.18
-95;-235;-5;0.33
-75;-235;-5;0.33
-65;-235;-5;0.21
-35;-235;-5;0.12
-25;-235;-5;0.33
5;-235;-5;0.21
15;-235;-5;0.15
25;-235;-5;0.12
45;-235;-5;0.3
55;-235;-5;0.36
65;-235;-5;0.27
85;-235;-5;0.24
95;-235;-5;0.21
135;-235;-5;0.15
155;-235;-5;0.15
185;-235;-5;0.36
195;-235;-5;0.24
245;-235;-5;0.21
265;-235;-5;0.18
295;-235;-5;0.21
325;-235;-5;0.24
345;-235;-5;0.12
385;-235;-5;0.18
395;-235;-5;0.21
-375;-225;-5;0.24
-365;-225;-5;0.33
-325;-225;-5;0.15
-305;-225;-5;0.21
-255;-225;-5;0.27
-245;-225;-5;0.21
-235;-225;-5;0.27
-225;-225;-5;0.18
-215;-225;-5;0.33
-205;-225;-5;0.3
-195;-225;-5;0.09
-185;-225;-5;0.21
-175;-225;-5;0.21
-165;-225;-5;0.21
-145;-225;-5;0.27
-95;-225;-5;0.06
-75;-225;-5;0.27
-55;-225;-5;0.21
-25;-225;-5;0.15
-15;-225;-5;0.21
25;-225;-5;0.21
45;-225;-5;0.18
65;-225;-5;0.33
75;-225;-5;0.24
85;-225;-5;0.09
95;-225;-5;0.3
105;-225;-5;0.3
135;-225;-5;0.27
145;-225;-5;0.15
185;-225;-5;0.12
205;-225;-5;0.33
235;-225;-5;0.21
255;-225;-5;0.27
265;-225;-5;0.15
285;-225;-5;0.12
305;-225;-5;0.15
315;-225;-5;0.3
345;-225;-5;0.21
385;-225;-5;0.27
-395;-215;-5;0.15
-355;-215;-5;0.18
-335;-215;-5;0.12
-325;-215;-5;0.21
-315;-215;-5;0.21
-275;-215;-5;0.27
-265;-215;-5;0.33
-245;-215;-5;0.21
-235;-215;-5;0.24
-215;-215;-5;0.09
-205;-215;-5;0.15
-195;-215;-5;0.24
-185;-215;-5;0.12
-165;-215;-5;0.27
-135;-215;-5;0.15
-105;-215;-5;0.15
-95;-215;-5;0.24
-85;-215;-5;0.15
-75;-215;-5;0.09
-65;-215;-5;0.3
-55;-215;-5;0.15
-45;-215;-5;0.12
-35;-215;-5;0.24
-15;-215;-5;0.21
15;-215;-5;0.18
35;-215;-5;0.24
45;-215;-5;0.12
65;-215;-5;0.18
75;-215;-5;0.24
85;-215;-5;0.27
95;-215;-5;0.12
115;-215;-5;0.21
125;-215;-5;0.18
145;-215;-5;0.3
155;-215;-5;0.27
165;-215;-5;0.12
175;-215;-5;0.33
205;-215;-5;0.06
215;-215;-5;0.27
235;-215;-5;0.06
245;-215;-5;0.36
265;-215;-5;0.15
325;-215;-5;0.18
335;-215;-5;0.15
345;-215;-5;0.3
385;-215;-5;0.12
-385;-205;-5;0.24
-365;-205;-5;0.39
-355;-205;-5;0.3
-325;-205;-5;0.21
-315;-205;-5;0.12
-305;-205;-5;0.12
-275;-205;-5;0.12
-255;-205;-5;0.27
-245;-205;-5;0.21
-235;-205;-5;0.24
-205;-205;-5;0.33
-195;-205;-5;0.21
-115;-205;-5;0.3
-85;-205;-5;0.24
-35;-205;-5;0.12
-15;-205;-5;0.18
-5;-205;-5;0.12
5;-205;-5;0.09
25;-205;-5;0.18
55;-205;-5;0.33
65;-205;-5;0.21
85;-205;-5;0.21
95;-205;-5;0.24
115;-205;-5;0.3
125;-205;-5;0.12
145;-205;-5;0.18
165;-205;-5;0.33
175;-205;-5;0.21
185;-205;-5;0.15
195;-205;-5;0.3
205;-205;-5;0.36
215;-205;-5;0.12
225;-205;-5;0.24
245;-205;-5;0.18
265;-205;-5;0.36
285;-205;-5;0.18
305;-205;-5;0.3
315;-205;-5;0.27
325;-205;-5;0.18
375;-205;-5;0.24
385;-205;-5;0.21
395;-205;-5;0.12
-395;-195;-5;0.18
-385;-195;-5;0.27
-355;-195;-5;0.27
-345;-195;-5;0.27
-335;-195;-5;0.24
-315;-195;-5;0.27
-295;-195;-5;0.15
-285;-195;-5;0.18
-275;-195;-5;0.27
-265;-195;-5;0.27
-225;-195;-5;0.15
-205;-195;-5;0.36
-195;-195;-5;0.24
-175;-195;-5;0.24
-145;-195;-5;0.24
-75;-195;-5;0.18
-65;-195;-5;0.27
-25;-195;-5;0.24
-15;-195;-5;0.15
-5;-195;-5;0.21
15;-195;-5;0.12
35;-195;-5;0.3
55;-195;-5;0.15
105;-195;-5;0.48
135;-195;-5;0.24
145;-195;-5;0.3
165;-195;-5;0.24
175;-195;-5;0.3
215;-195;-5;0.3
225;-195;-5;0.24
245;-195;-5;0.27
255;-195;-5;0.18
265;-195;-5;0.21
285;-195;-5;0.27
295;-195;-5;0.18
315;-195;-5;0.39
335;-195;-5;0.24
345;-195;-5;0.21
355;-195;-5;0.39
365;-195;-5;0.18
385;-195;-5;0.3
395;-195;-5;0.12
-375;-185;-5;0.3
-365;-185;-5;0.24
-355;-185;-5;0.18
-335;-185;-5;0.21
-315;-185;-5;0.12
-285;-185;-5;0.24
-275;-185;-5;0.15
-265;-185;-5;0.27
-245;-185;-5;0.21
-235;-185;-5;0.27
-225;-185;-5;0.24
-215;-185;-5;0.24
-175;-185;-5;0.21
-155;-185;-5;0.27
-125;-185;-5;0.27
-115;-185;-5;0.15
-85;-185;-5;0.21
-55;-185;-5;0.18
-45;-185;-5;0.09
5;-185;-5;0.06
15;-185;-5;0.18
65;-185;-5;0.21
75;-185;-5;0.12
95;-185;-5;0.18
105;-185;-5;0.12
125;-185;-5;0.33
155;-185;-5;0.12
195;-185;-5;0.33
215;-185;-5;0.18
225;-185;-5;0.24
275;-185;-5;0.39
305;-185;-5;0.24
325;-185;-5;0.27
345;-185;-5;0.24
355;-185;-5;0.27
365;-185;-5;0.18
375;-185;-5;0.12
-375;-175;-5;0.27
-365;-175;-5;0.36
-355;-175;-5;0.12
-345;-175;-5;0.3
-335;-175;-5;0.09
-325;-175;-5;0.03
-315;-175;-5;0.3
-295;-175;-5;0.39
-265;-175;-5;0.21
-245;-175;-5;0.33
-215;-175;-5;0.24
-185;-175;-5;0.18
-175;-175;-5;0.15
-165;-175;-5;0.54
-155;-175;-5;0.12
-115;-175;-5;0.36
-105;-175;-5;0.06
-95;-175;-5;0.12
-85;-175;-5;0.3
-75;-175;-5;0.18
-65;-175;-5;0.12
65;-175;-5;0.15
105;-175;-5;0.24
115;-175;-5;0.21
135;-175;-5;0.45
165;-175;-5;0.18
185;-175;-5;0.21
195;-175;-5;0.12
215;-175;-5;0.42
225;-175;-5;0.12
235;-175;-5;0.12
245;-175;-5;0.27
275;-175;-5;0.21
295;-175;-5;0.21
315;-175;-5;0.42
365;-175;-5;0.24
375;-175;-5;0.24
-375;-165;-5;0.27
-355;-165;-5;0.36
-335;-165;-5;0.3
-305;-165;-5;0.15
-295;-165;-5;0.21
-285;-165;-5;0.36
-235;-165;-5;0.21
-195;-165;-5;0.27
-185;-165;-5;0.21
-175;-165;-5;0.39
-165;-165;-5;0.12
-145;-165;-5;0.18
-125;-165;-5;0.18
-115;-165;-5;0.27
-85;-165;-5;0.09
95;-165;-5;0.48
105;-165;-5;0.27
115;-165;-5;0.15
155;-165;-5;0.3
175;-165;-5;0.33
195;-165;-5;0.24
205;-165;-5;0.18
215;-165;-5;0.09
235;-165;-5;0.18
245;-165;-5;0.27
265;-165;-5;0.21
275;-165;-5;0.27
295;-165;-5;0.06
335;-165;-5;0.24
345;-165;-5;0.15
365;-165;-5;0.21
375;-165;-5;0.24
395;-165;-5;0.09
-395;-155;-5;0.3
-375;-155;-5;0.12
-355;-155;-5;0.3
-325;-155;-5;0.09
-315;-155;-5;0.39
-295;-155;-5;0.15
-285;-155;-5;0.45
-255;-155;-5;0.15
-235;-155;-5;0.33
-195;-155;-5;0.12
-185;-155;-5;0.24
-175;-155;-5;0.27
-165;-155;-5;0.24
-145;-155;-5;0.15
-135;-155;-5;0.36
-125;-155;-5;0.18
105;-155;-5;0.15
115;-155;-5;0.33
145;-155;-5;0.33
175;-155;-5;0.27
185;-155;-5;0.21
195;-155;-5;0.21
215;-155;-5;0.12
235;-155;-5;0.24
245;-155;-5;0.33
255;-155;-5;0.15
275;-155;-5;0.42
295;-155;-5;0.3
315;-155;-5;0.15
325;-155;-5;0.42
335;-155;-5;0.24
365;-155;-5;0.18
385;-155;-5;0.27
395;-155;-5;0.09
-375;-145;-5;0.27
-365;-145;-5;0.24
-355;-145;-5;0.27
-345;-145;-5;0.24
-325;-145;-5;0.42
-315;-145;-5;0.12
-285;-145;-5;0.03
-255;-145;-5;0.06
-245;-145;-5;0.42
-225;-145;-5;0.33
-215;-145;-5;0.21
-165;-145;-5;0.27
-145;-145;-5;0.45
-135;-145;-5;0.12
-125;-145;-5;0.27
-115;-145;-5;0.15
115;-145;-5;0.15
135;-145;-5;0.39
185;-145;-5;0.36
215;-145;-5;0.3
225;-145;-5;0.06
235;-145;-5;0.24
245;-145;-5;0.15
265;-145;-5;0.27
275;-145;-5;0.09
305;-145;-5;0.09
335;-145;-5;0.24
345;-145;-5;0.3
355;-145;-5;0.03
365;-145;-5;0.36
375;-145;-5;0.27
395;-145;-5;0.09
-385;-135;-5;0.18
-375;-135;-5;0.24
-365;-135;-5;0.27
-305;-135;-5;0.39
-295;-135;-5;0.15
-285;-135;-5;0.36
-265;-135;-5;0.18
-235;-135;-5;0.27
-205;-135;-5;0.24
-195;-135;-5;0.39
-175;-135;-5;0.27
115;-135;-5;0.06
125;-135;-5;0.54
165;-135;-5;0.18
175;-135;-5;0.39
195;-135;-5;0.18
205;-135;-5;0.45
225;-135;-5;0.21
235;-135;-5;0.36
255;-135;-5;0.33
265;-135;-5;0.06
295;-135;-5;0.18
315;-135;-5;0.24
325;-135;-5;0.21
345;-135;-5;0.06
355;-135;-5;0.27
385;-135;-5;0.48
395;-135;-5;0.09
-395;-125;-5;0.03
-385;-125;-5;0.33
-375;-125;-5;0.24
-355;-125;-5;0.36
-335;-125;-5;0.27
-325;-125;-5;0.24
-315;-125;-5;0.09
-305;-125;-5;0.33
-295;-125;-5;0.18
-275;-125;-5;0.18
-265;-125;-5;0.15
-255;-125;-5;0.42
-245;-125;-5;0.15
-225;-125;-5;0.39
-215;-125;-5;0.09
-175;-125;-5;0.21
-135;-125;-5;0.09
135;-125;-5;0.24
165;-125;-5;0.15
175;-125;-5;0.33
185;-125;-5;0.18
195;-125;-5;0.3
205;-125;-5;0.15
245;-125;-5;0.15
315;-125;-5;0.24
335;-125;-5;0.21
345;-125;-5;0.3
365;-125;-5;0.18
375;-125;-5;0.09
385;-125;-5;0.33
395;-125;-5;0.24
-375;-115;-5;0.09
-355;-115;-5;0.3
-345;-115;-5;0.09
-335;-115;-5;0.24
-305;-115;-5;0.33
-295;-115;-5;0.18
-265;-115;-5;0.12
-255;-115;-5;0.24
-205;-115;-5;0.27
-195;-115;-5;0.18
-155;-115;-5;0.18
-145;-115;-5;0.21
135;-115;-5;0.03
185;-115;-5;0.18
205;-115;-5;0.39
225;-115;-5;0.27
235;-115;-5;0.24
245;-115;-5;0.03
275;-115;-5;0.18
285;-115;-5;0.36
295;-115;-5;0.09
325;-115;-5;0.06
385;-115;-5;0.42
395;-115;-5;0.09
-395;-105;-5;0.18
-385;-105;-5;0.24
-375;-105;-5;0.21
-335;-105;-5;0.3
-305;-105;-5;0.24
-285;-105;-5;0.33
-275;-105;-5;0.15
-245;-105;-5;0.24
-235;-105;-5;0.33
-225;-105;-5;0.21
-215;-105;-5;0.27
-185;-105;-5;0.18
-175;-105;-5;0.12
-165;-105;-5;0.21
-155;-105;-5;0.21
-5;-105;-5;0.36
35;-105;-5;0.06
45;-105;-5;0.06
185;-105;-5;0.18
195;-105;-5;0.3
215;-105;-5;0.24
255;-105;-5;0.24
285;-105;-5;0.12
305;-105;-5;0.48
315;-105;-5;0.18
325;-105;-5;0.33
345;-105;-5;0.24
365;-105;-5;0.12
375;-105;-5;0.36
395;-105;-5;0.09
-395;-95;-5;0.24
-375;-95;-5;0.06
-325;-95;-5;0.03
-315;-95;-5;0.15
-295;-95;-5;0.21
-285;-95;-5;0.36
-245;-95;-5;0.15
-235;-95;-5;0.33
-225;-95;-5;0.24
-215;-95;-5;0.24
-175;-95;-5;0.39
-155;-95;-5;0.18
-35;-95;-5;0.15
-25;-95;-5;0.18
-15;-95;-5;0.24
25;-95;-5;0.03
55;-95;-5;0.21
165;-95;-5;0.12
195;-95;-5;0.12
205;-95;-5;0.24
215;-95;-5;0.15
245;-95;-5;0.12
275;-95;-5;0.3
285;-95;-5;0.21
325;-95;-5;0.15
335;-95;-5;0.15
365;-95;-5;0.09
375;-95;-5;0.18
-375;-85;-5;0.18
-365;-85;-5;0.39
-355;-85;-5;0.12
-345;-85;-5;0.36
-335;-85;-5;0.24
-305;-85;-5;0.21
-295;-85;-5;0.18
-285;-85;-5;0.3
-275;-85;-5;0.15
-245;-85;-5;0.12
-185;-85;-5;0.18
-175;-85;-5;0.18
-45;-85;-5;0.12
55;-85;-5;0.12
65;-85;-5;0.12
75;-85;-5;0.3
185;-85;-5;0.12
225;-85;-5;0.33
235;-85;-5;0.18
295;-85;-5;0.21
315;-85;-5;0.15
325;-85;-5;0.33
335;-85;-5;0.12
375;-85;-5;0.24
-385;-75;-5;0.18
-375;-75;-5;0.24
-345;-75;-5;0.33
-335;-75;-5;0.33
-325;-75;-5;0.15
-285;-75;-5;0.24
-265;-75;-5;0.24
-245;-75;-5;0.15
-205;-75;-5;0.12
-195;-75;-5;0.21
-185;-75;-5;0.24
-165;-75;-5;0.09
-65;-75;-5;0.09
-45;-75;-5;0.3
-35;-75;-5;0.27
45;-75;-5;0.27
75;-75;-5;0.12
215;-75;-5;0.36
245;-75;-5;0.36
275;-75;-5;0.21
285;-75;-5;0.3
325;-75;-5;0.24
335;-75;-5;0.24
375;-75;-5;0.42
385;-75;-5;0.18
-385;-65;-5;0.15
-345;-65;-5;0.09
-335;-65;-5;0.39
-285;-65;-5;0.39
-235;-65;-5;0.3
-225;-65;-5;0.27
-215;-65;-5;0.27
-205;-65;-5;0.15
-195;-65;-5;0.24
-185;-65;-5;0.3
-175;-65;-5;0.3
-65;-65;-5;0.12
-55;-65;-5;0.24
15;-65;-5;0.09
35;-65;-5;0.21
65;-65;-5;0.15
75;-65;-5;0.12
235;-65;-5;0.3
245;-65;-5;0.33
265;-65;-5;0.15
285;-65;-5;0.3
335;-65;-5;0.21
345;-65;-5;0.12
365;-65;-5;0.24
395;-65;-5;0.09
-385;-55;-5;0.36
-375;-55;-5;0.18
-355;-55;-5;0.57
-345;-55;-5;0.09
-305;-55;-5;0.39
-295;-55;-5;0.18
-285;-55;-5;0.15
-245;-55;-5;0.15
-195;-55;-5;0.24
-175;-55;-5;0.3
-75;-55;-5;0.06
45;-55;-5;0.15
55;-55;-5;0.39
185;-55;-5;0.18
225;-55;-5;0.27
235;-55;-5;0.21
265;-55;-5;0.09
275;-55;-5;0.27
285;-55;-5;0.18
295;-55;-5;0.09
325;-55;-5;0.18
345;-55;-5;0.06
375;-55;-5;0.09
385;-55;-5;0.42
-395;-45;-5;0.18
-385;-45;-5;0.06
-355;-45;-5;0.21
-335;-45;-5;0.12
-315;-45;-5;0.24
-295;-45;-5;0.42
-285;-45;-5;0.18
-245;-45;-5;0.36
-235;-45;-5;0.12
-225;-45;-5;0.45
-205;-45;-5;0.09
-185;-45;-5;0.12
175;-45;-5;0.09
195;-45;-5;0.12
215;-45;-5;0.39
235;-45;-5;0.33
255;-45;-5;0.12
285;-45;-5;0.21
295;-45;-5;0.21
305;-45;-5;0.12
315;-45;-5;0.42
335;-45;-5;0.09
365;-45;-5;0.3
375;-45;-5;0.18
-395;-35;-5;0.06
-385;-35;-5;0.21
-365;-35;-5;0.18
-355;-35;-5;0.39
-345;-35;-5;0.21
-335;-35;-5;0.21
-315;-35;-5;0.12
-275;-35;-5;0.33
-255;-35;-5;0.24
-245;-35;-5;0.27
-205;-35;-5;0.18
-195;-35;-5;0.18
-185;-35;-5;0.18
-175;-35;-5;0.06
185;-35;-5;0.24
195;-35;-5;0.06
245;-35;-5;0.21
275;-35;-5;0.09
285;-35;-5;0.54
295;-35;-5;0.15
325;-35;-5;0.06
335;-35;-5;0.3
345;-35;-5;0.24
385;-35;-5;0.42
-385;-25;-5;0.27
-345;-25;-5;0.18
-335;-25;-5;0.18
-325;-25;-5;0.21
-295;-25;-5;0.21
-275;-25;-5;0.54
-265;-25;-5;0.12
-245;-25;-5;0.21
-235;-25;-5;0.09
-225;-25;-5;0.45
-195;-25;-5;0.21
-185;-25;-5;0.06
185;-25;-5;0.36
195;-25;-5;0.12
205;-25;-5;0.33
215;-25;-5;0.24
235;-25;-5;0.36
255;-25;-5;0.3
275;-25;-5;0.06
295;-25;-5;0.09
325;-25;-5;0.12
345;-25;-5;0.18
355;-25;-5;0.3
365;-25;-5;0.39
375;-25;-5;0.15
395;-25;-5;0.15
-345;-15;-5;0.12
-335;-15;-5;0.09
-325;-15;-5;0.21
-305;-15;-5;0.18
-295;-15;-5;0.18
-285;-15;-5;0.21
-275;-15;-5;0.33
-235;-15;-5;0.18
-225;-15;-5;0.21
-215;-15;-5;0.15
-205;-15;-5;0.36
-195;-15;-5;0.24
-185;-15;-5;0.18
195;-15;-5;0.24
215;-15;-5;0.33
255;-15;-5;0.24
265;-15;-5;0.15
305;-15;-5;0.21
325;-15;-5;0.3
355;-15;-5;0.12
365;-15;-5;0.21
395;-15;-5;0.12
-395;-5;-5;0.24
-385;-5;-5;0.27
-375;-5;-5;0.24
-365;-5;-5;0.33
-335;-5;-5;0.3
-305;-5;-5;0.3
-295;-5;-5;0.3
-285;-5;-5;0.21
-265;-5;-5;0.18
-255;-5;-5;0.24
-245;-5;-5;0.21
-235;-5;-5;0.36
-215;-5;-5;0.15
-205;-5;-5;0.3
-195;-5;-5;0.27
195;-5;-5;0.12
215;-5;-5;0.27
235;-5;-5;0.18
245;-5;-5;0.09
265;-5;-5;0.21
275;-5;-5;0.39
345;-5;-5;0.21
355;-5;-5;0.33
365;-5;-5;0.24
-395;5;-5;0.36
-385;5;-5;0.24
-365;5;-5;0.3
-335;5;-5;0.3
-305;5;-5;0.27
-295;5;-5;0.18
-275;5;-5;0.18
-265;5;-5;0.15
-255;5;-5;0.06
-245;5;-5;0.24
-225;5;-5;0.3
-205;5;-5;0.18
-195;5;-5;0.24
-185;5;-5;0.21
205;5;-5;0.36
215;5;-5;0.3
225;5;-5;0.24
235;5;-5;0.18
245;5;-5;0.21
255;5;-5;0.3
265;5;-5;0.21
295;5;-5;0.15
325;5;-5;0.21
345;5;-5;0.3
355;5;-5;0.24
365;5;-5;0.27
375;5;-5;0.24
385;5;-5;0.36
395;5;-5;0.06
-395;15;-5;0.27
-385;15;-5;0.21
-365;15;-5;0.24
-355;15;-5;0.12
-325;15;-5;0.24
-315;15;-5;0.3
-305;15;-5;0.18
-275;15;-5;0.21
-225;15;-5;0.15
-205;15;-5;0.21
-195;15;-5;0.18
-185;15;-5;0.12
215;15;-5;0.15
225;15;-5;0.24
235;15;-5;0.18
245;15;-5;0.18
275;15;-5;0.24
285;15;-5;0.24
335;15;-5;0.09
355;15;-5;0.3
395;15;-5;0.06
-395;25;-5;0.24
-385;25;-5;0.24
-365;25;-5;0.33
-335;25;-5;0.3
-325;25;-5;0.33
-265;25;-5;0.27
-235;25;-5;0.21
-225;25;-5;0.27
245;25;-5;0.27
255;25;-5;0.27
285;25;-5;0.3
295;25;-5;0.24
305;25;-5;0.24
315;25;-5;0.12
325;25;-5;0.24
335;25;-5;0.15
355;25;-5;0.21
365;25;-5;0.33
375;25;-5;0.15
-395;35;-5;0.21
-385;35;-5;0.24
-355;35;-5;0.21
-325;35;-5;0.21
-315;35;-5;0.21
-305;35;-5;0.36
-265;35;-5;0.18
-255;35;-5;0.18
-245;35;-5;0.27
-195;35;-5;0.21
-185;35;-5;0.09
195;35;-5;0.39
205;35;-5;0.33
245;35;-5;0.27
275;35;-5;0.15
285;35;-5;0.24
305;35;-5;0.27
325;35;-5;0.15
345;35;-5;0.21
375;35;-5;0.27
-395;45;-5;0.21
-385;45;-5;0.24
-375;45;-5;0.24
-365;45;-5;0.3
-355;45;-5;0.12
-345;45;-5;0.21
-315;45;-5;0.21
-295;45;-5;0.18
-285;45;-5;0.15
-275;45;-5;0.21
-235;45;-5;0.21
-215;45;-5;0.18
-185;45;-5;0.09
175;45;-5;0.03
185;45;-5;0.33
205;45;-5;0.18
215;45;-5;0.27
225;45;-5;0.21
245;45;-5;0.24
255;45;-5;0.39
265;45;-5;0.06
275;45;-5;0.3
305;45;-5;0.18
325;45;-5;0.15
335;45;-5;0.24
345;45;-5;0.15
355;45;-5;0.21
365;45;-5;0.18
395;45;-5;0.09
-395;55;-5;0.18
-375;55;-5;0.21
-365;55;-5;0.15
-355;55;-5;0.12
-345;55;-5;0.21
-335;55;-5;0.33
-325;55;-5;0.27
-315;55;-5;0.21
-275;55;-5;0.33
-255;55;-5;0.24
-245;55;-5;0.21
-235;55;-5;0.15
-215;55;-5;0.18
175;55;-5;0.09
215;55;-5;0.27
255;55;-5;0.33
285;55;-5;0.33
295;55;-5;0.21
305;55;-5;0.21
335;55;-5;0.21
355;55;-5;0.33
365;55;-5;0.12
375;55;-5;0.3
-385;65;-5;0.06
-355;65;-5;0.24
-345;65;-5;0.36
-335;65;-5;0.06
-255;65;-5;0.21
-245;65;-5;0.42
-225;65;-5;0.36
-195;65;-5;0.39
255;65;-5;0.12
305;65;-5;0.12
315;65;-5;0.48
345;65;-5;0.45
355;65;-5;0.12
385;65;-5;0.18
-395;75;-5;0.03
-345;75;-5;0.15
-285;75;-5;0.12
-275;75;-5;0.24
-265;75;-5;0.15
-235;75;-5;0.21
-225;75;-5;0.18
195;75;-5;0.12
225;75;-5;0.24
235;75;-5;0.39
325;75;-5;0.33
335;75;-5;0.3
345;75;-5;0.18
355;75;-5;0.18
365;75;-5;0.33
375;75;-5;0.09
385;75;-5;0.33
395;75;-5;0.15
-395;85;-5;0.36
-375;85;-5;0.21
-365;85;-5;0.42
-355;85;-5;0.12
-345;85;-5;0.21
-325;85;-5;0.06
-315;85;-5;0.33
-295;85;-5;0.21
-255;85;-5;0.09
-245;85;-5;0.09
-225;85;-5;0.21
-195;85;-5;0.24
35;85;-5;0.03
45;85;-5;0.09
65;85;-5;0.18
185;85;-5;0.18
215;85;-5;0.18
225;85;-5;0.33
265;85;-5;0.12
285;85;-5;0.18
295;85;-5;0.42
325;85;-5;0.42
345;85;-5;0.27
365;85;-5;0.12
385;85;-5;0.15
-395;95;-5;0.15
-385;95;-5;0.33
-375;95;-5;0.3
-365;95;-5;0.18
-345;95;-5;0.15
-335;95;-5;0.24
-325;95;-5;0.24
-315;95;-5;0.18
-305;95;-5;0.33
-295;95;-5;0.15
-285;95;-5;0.27
-265;95;-5;0.21
-255;95;-5;0.24
-235;95;-5;0.39
-215;95;-5;0.27
-185;95;-5;0.12
-175;95;-5;0.33
-55;95;-5;0.09
185;95;-5;0.3
205;95;-5;0.27
215;95;-5;0.18
235;95;-5;0.3
245;95;-5;0.12
265;95;-5;0.12
285;95;-5;0.27
305;95;-5;0.15
335;95;-5;0.15
385;95;-5;0.48
-375;105;-5;0.3
-355;105;-5;0.24
-335;105;-5;0.3
-325;105;-5;0.21
-305;105;-5;0.27
-295;105;-5;0.24
-285;105;-5;0.24
-275;105;-5;0.09
-235;105;-5;0.3
-225;105;-5;0.24
-205;105;-5;0.21
-195;105;-5;0.15
-175;105;-5;0.39
55;105;-5;0.12
165;105;-5;0.3
175;105;-5;0.33
255;105;-5;0.36
265;105;-5;0.09
315;105;-5;0.15
335;105;-5;0.21
345;105;-5;0.21
375;105;-5;0.36
385;105;-5;0.15
-385;115;-5;0.15
-375;115;-5;0.24
-365;115;-5;0.21
-345;115;-5;0.24
-315;115;-5;0.3
-295;115;-5;0.3
-285;115;-5;0.24
-275;115;-5;0.24
-255;115;-5;0.18
-245;115;-5;0.15
-225;115;-5;0.06
-205;115;-5;0.3
-195;115;-5;0.21
-175;115;-5;0.18
-165;115;-5;0.15
165;115;-5;0.15
215;115;-5;0.24
225;115;-5;0.24
255;115;-5;0.15
295;115;-5;0.24
325;115;-5;0.21
355;115;-5;0.33
375;115;-5;0.42
-385;125;-5;0.3
-375;125;-5;0.18
-365;125;-5;0.27
-345;125;-5;0.39
-325;125;-5;0.27
-315;125;-5;0.21
-295;125;-5;0.24
-285;125;-5;0.33
-235;125;-5;0.21
-215;125;-5;0.18
-195;125;-5;0.21
-185;125;-5;0.18
-155;125;-5;0.06
155;125;-5;0.09
165;125;-5;0.15
185;125;-5;0.27
225;125;-5;0.27
235;125;-5;0.21
265;125;-5;0.24
275;125;-5;0.24
305;125;-5;0.15
345;125;-5;0.21
-385;135;-5;0.39
-375;135;-5;0.03
-345;135;-5;0.15
-325;135;-5;0.12
-315;135;-5;0.18
-295;135;-5;0.03
-285;135;-5;0.39
-215;135;-5;0.12
-185;135;-5;0.24
-165;135;-5;0.09
-155;135;-5;0.12
165;135;-5;0.12
175;135;-5;0.36
185;135;-5;0.03
195;135;-5;0.06
215;135;-5;0.12
225;135;-5;0.36
245;135;-5;0.18
275;135;-5;0.27
285;135;-5;0.24
305;135;-5;0.39
325;135;-5;0.21
335;135;-5;0.33
355;135;-5;0.42
-395;145;-5;0.09
-385;145;-5;0.33
-375;145;-5;0.15
-355;145;-5;0.18
-345;145;-5;0.12
-335;145;-5;0.27
-315;145;-5;0.15
-305;145;-5;0.3
-285;145;-5;0.42
-275;145;-5;0.15
-255;145;-5;0.18
-225;145;-5;0.18
-215;145;-5;0.18
145;145;-5;0.33
165;145;-5;0.27
195;145;-5;0.12
215;145;-5;0.24
225;145;-5;0.3
235;145;-5;0.21
265;145;-5;0.18
315;145;-5;0.09
325;145;-5;0.21
335;145;-5;0.21
345;145;-5;0.15
355;145;-5;0.21
365;145;-5;0.24
375;145;-5;0.21
385;145;-5;0.24
-365;155;-5;0.06
-355;155;-5;0.09
-345;155;-5;0.42
-335;155;-5;0.06
-315;155;-5;0.09
-295;155;-5;0.45
-275;155;-5;0.18
-265;155;-5;0.36
-215;155;-5;0.36
-185;155;-5;0.09
-165;155;-5;0.3
145;155;-5;0.06
155;155;-5;0.24
165;155;-5;0.27
185;155;-5;0.45
205;155;-5;0.09
215;155;-5;0.39
225;155;-5;0.03
295;155;-5;0.42
305;155;-5;0.27
345;155;-5;0.39
365;155;-5;0.42
-355;165;-5;0.15
-325;165;-5;0.24
-315;165;-5;0.15
-305;165;-5;0.21
-285;165;-5;0.09
-265;165;-5;0.27
-245;165;-5;0.24
-235;165;-5;0.09
-225;165;-5;0.21
-185;165;-5;0.21
-165;165;-5;0.36
-155;165;-5;0.03
-145;165;-5;0.27
135;165;-5;0.42
145;165;-5;0.15
155;165;-5;0.18
165;165;-5;0.48
185;165;-5;0.39
195;165;-5;0.21
205;165;-5;0.15
215;165;-5;0.45
225;165;-5;0.03
245;165;-5;0.3
255;165;-5;0.12
275;165;-5;0.18
295;165;-5;0.33
345;165;-5;0.39
365;165;-5;0.27
375;165;-5;0.27
395;165;-5;0.12
-385;175;-5;0.15
-345;175;-5;0.12
-315;175;-5;0.12
-265;175;-5;0.15
-255;175;-5;0.21
-245;175;-5;0.24
-235;175;-5;0.21
-215;175;-5;0.24
-185;175;-5;0.18
-165;175;-5;0.24
-155;175;-5;0.24
-125;175;-5;0.18
125;175;-5;0.18
135;175;-5;0.03
165;175;-5;0.15
185;175;-5;0.15
195;175;-5;0.15
205;175;-5;0.24
215;175;-5;0.15
245;175;-5;0.24
255;175;-5;0.21
265;175;-5;0.27
295;175;-5;0.12
305;175;-5;0.27
335;175;-5;0.21
345;175;-5;0.06
355;175;-5;0.21
-375;185;-5;0.3
-365;185;-5;0.18
-355;185;-5;0.51
-285;185;-5;0.09
-275;185;-5;0.39
-265;185;-5;0.15
-245;185;-5;0.21
-235;185;-5;0.09
-185;185;-5;0.27
-165;185;-5;0.18
-145;185;-5;0.39
115;185;-5;0.18
155;185;-5;0.21
165;185;-5;0.15
175;185;-5;0.24
275;185;-5;0.18
285;185;-5;0.33
305;185;-5;0.15
335;185;-5;0.24
355;185;-5;0.27
365;185;-5;0.27
385;185;-5;0.27
-385;195;-5;0.12
-375;195;-5;0.09
-365;195;-5;0.39
-355;195;-5;0.12
-345;195;-5;0.18
-335;195;-5;0.33
-285;195;-5;0.27
-275;195;-5;0.15
-265;195;-5;0.36
-235;195;-5;0.45
-225;195;-5;0.12
-205;195;-5;0.27
-195;195;-5;0.15
-185;195;-5;0.39
-175;195;-5;0.09
-165;195;-5;0.21
-145;195;-5;0.18
-125;195;-5;0.15
-115;195;-5;0.12
-95;195;-5;0.09
95;195;-5;0.09
105;195;-5;0.15
115;195;-5;0.39
125;195;-5;0.39
135;195;-5;0.15
165;195;-5;0.36
175;195;-5;0.18
215;195;-5;0.18
225;195;-5;0.3
255;195;-5;0.12
265;195;-5;0.03
305;195;-5;0.12
315;195;-5;0.24
335;195;-5;0.09
355;195;-5;0.21
365;195;-5;0.18
375;195;-5;0.36
385;195;-5;0.09
395;195;-5;0.06
-395;205;-5;0.15
-375;205;-5;0.36
-305;205;-5;0.21
-295;205;-5;0.18
-285;205;-5;0.15
-225;205;-5;0.3
-185;205;-5;0.21
-165;205;-5;0.24
-155;205;-5;0.09
-145;205;-5;0.39
-125;205;-5;0.12
-105;205;-5;0.09
-95;205;-5;0.21
-85;205;-5;0.06
75;205;-5;0.18
105;205;-5;0.15
115;205;-5;0.15
125;205;-5;0.3
135;205;-5;0.15
175;205;-5;0.21
185;205;-5;0.18
215;205;-5;0.21
225;205;-5;0.27
245;205;-5;0.18
255;205;-5;0.39
335;205;-5;0.24
345;205;-5;0.18
365;205;-5;0.15
375;205;-5;0.15
385;205;-5;0.39
-395;215;-5;0.21
-375;215;-5;0.06
-345;215;-5;0.15
-295;215;-5;0.09
-275;215;-5;0.06
-265;215;-5;0.18
-245;215;-5;0.15
-225;215;-5;0.06
-215;215;-5;0.09
-195;215;-5;0.09
-175;215;-5;0.36
-155;215;-5;0.42
-135;215;-5;0.3
-115;215;-5;0.18
-85;215;-5;0.15
-65;215;-5;0.09
55;215;-5;0.03
85;215;-5;0.15
105;215;-5;0.15
185;215;-5;0.15
205;215;-5;0.27
225;215;-5;0.3
235;215;-5;0.24
245;215;-5;0.24
275;215;-5;0.33
285;215;-5;0.12
305;215;-5;0.33
315;215;-5;0.15
325;215;-5;0.24
365;215;-5;0.15
375;215;-5;0.3
395;215;-5;0.03
-395;225;-5;0.24
-385;225;-5;0.24
-375;225;-5;0.21
-355;225;-5;0.18
-345;225;-5;0.39
-335;225;-5;0.21
-315;225;-5;0.24
-275;225;-5;0.15
-255;225;-5;0.12
-245;225;-5;0.33
-225;225;-5;0.39
-205;225;-5;0.18
-175;225;-5;0.36
-145;225;-5;0.18
-135;225;-5;0.3
-115;225;-5;0.45
-105;225;-5;0.15
-85;225;-5;0.3
-65;225;-5;0.3
-35;225;-5;0.15
-25;225;-5;0.15
-15;225;-5;0.12
-5;225;-5;0.18
5;225;-5;0.06
15;225;-5;0.12
25;225;-5;0.21
35;225;-5;0.3
45;225;-5;0.12
55;225;-5;0.15
65;225;-5;0.39
85;225;-5;0.27
95;225;-5;0.15
115;225;-5;0.18
125;225;-5;0.3
145;225;-5;0.18
185;225;-5;0.12
205;225;-5;0.18
215;225;-5;0.3
235;225;-5;0.21
245;225;-5;0.3
255;225;-5;0.18
275;225;-5;0.3
285;225;-5;0.24
305;225;-5;0.39
325;225;-5;0.24
345;225;-5;0.36
365;225;-5;0.12
-395;235;-5;0.15
-385;235;-5;0.18
-365;235;-5;0.21
-355;235;-5;0.15
-345;235;-5;0.15
-305;235;-5;0.24
-295;235;-5;0.12
-285;235;-5;0.24
-275;235;-5;0.12
-255;235;-5;0.21
-235;235;-5;0.3
-215;235;-5;0.18
-165;235;-5;0.33
-155;235;-5;0.24
-135;235;-5;0.27
-125;235;-5;0.18
-95;235;-5;0.15
-55;235;-5;0.21
-45;235;-5;0.18
-15;235;-5;0.09
-5;235;-5;0.18
15;235;-5;0.18
25;235;-5;0.24
35;235;-5;0.21
65;235;-5;0.18
75;235;-5;0.36
85;235;-5;0.09
95;235;-5;0.15
135;235;-5;0.15
145;235;-5;0.24
165;235;-5;0.12
185;235;-5;0.3
235;235;-5;0.18
255;235;-5;0.33
275;235;-5;0.27
285;235;-5;0.21
295;235;-5;0.15
315;235;-5;0.21
345;235;-5;0.09
355;235;-5;0.36
365;235;-5;0.09
-375;245;-5;0.21
-355;245;-5;0.3
-345;245;-5;0.21
-285;245;-5;0.33
-275;245;-5;0.15
-245;245;-5;0.27
-205;245;-5;0.18
-175;245;-5;0.18
-165;245;-5;0.27
-135;245;-5;0.18
-125;245;-5;0.24
-105;245;-5;0.21
-95;245;-5;0.3
-85;245;-5;0.33
-65;245;-5;0.24
-15;245;-5;0.27
5;245;-5;0.18
15;245;-5;0.24
95;245;-5;0.3
135;245;-5;0.12
145;245;-5;0.27
175;245;-5;0.18
185;245;-5;0.3
195;245;-5;0.18
245;245;-5;0.36
295;245;-5;0.3
305;245;-5;0.3
325;245;-5;0.27
335;245;-5;0.18
345;245;-5;0.27
355;245;-5;0.3
365;245;-5;0.33
375;245;-5;0.18
385;245;-5;0.15
-365;255;-5;0.18
-335;255;-5;0.12
-295;255;-5;0.27
-215;255;-5;0.21
-175;255;-5;0.39
-165;255;-5;0.3
-155;255;-5;0.21
-145;255;-5;0.33
-135;255;-5;0.27
-125;255;-5;0.33
-85;255;-5;0.21
-65;255;-5;0.36
-55;255;-5;0.09
-35;255;-5;0.33
-5;255;-5;0.18
5;255;-5;0.18
15;255;-5;0.24
25;255;-5;0.27
35;255;-5;0.3
45;255;-5;0.12
55;255;-5;0.24
75;255;-5;0.18
85;255;-5;0.3
95;255;-5;0.21
105;255;-5;0.24
125;255;-5;0.27
135;255;-5;0.27
185;255;-5;0.27
195;255;-5;0.18
225;255;-5;0.12
255;255;-5;0.21
265;255;-5;0.27
275;255;-5;0.21
285;255;-5;0.21
315;255;-5;0.27
325;255;-5;0.12
345;255;-5;0.24
365;255;-5;0.15
385;255;-5;0.21
395;255;-5;0.06
-395;265;-5;0.12
-375;265;-5;0.27
-345;265;-5;0.21
-335;265;-5;0.24
-285;265;-5;0.24
-275;265;-5;0.33
-265;265;-5;0.24
-255;265;-5;0.27
-235;265;-5;0.3
-225;265;-5;0.27
-215;265;-5;0.09
-195;265;-5;0.27
-175;265;-5;0.18
-135;265;-5;0.27
-115;265;-5;0.18
-105;265;-5;0.18
-95;265;-5;0.3
-65;265;-5;0.24
-25;265;-5;0.3
-15;265;-5;0.3
5;265;-5;0.21
35;265;-5;0.27
45;265;-5;0.27
85;265;-5;0.3
95;265;-5;0.15
105;265;-5;0.24
115;265;-5;0.24
145;265;-5;0.21
155;265;-5;0.45
175;265;-5;0.12
195;265;-5;0.33
215;265;-5;0.24
265;265;-5;0.21
285;265;-5;0.3
295;265;-5;0.24
315;265;-5;0.27
325;265;-5;0.24
335;265;-5;0.18
355;265;-5;0.24
375;265;-5;0.18
-395;275;-5;0.21
-385;275;-5;0.24
-365;275;-5;0.24
-355;275;-5;0.15
-345;275;-5;0.12
-315;275;-5;0.18
-305;275;-5;0.18
-275;275;-5;0.18
-245;275;-5;0.18
-235;275;-5;0.21
-215;275;-5;0.3
-185;275;-5;0.3
-175;275;-5;0.12
-145;275;-5;0.27
-135;275;-5;0.3
-125;275;-5;0.09
-95;275;-5;0.21
-85;275;-5;0.24
-75;275;-5;0.3
-45;275;-5;0.18
-35;275;-5;0.18
-25;275;-5;0.21
-15;275;-5;0.15
-5;275;-5;0.27
5;275;-5;0.18
25;275;-5;0.15
55;275;-5;0.18
95;275;-5;0.18
105;275;-5;0.15
135;275;-5;0.27
205;275;-5;0.27
215;275;-5;0.12
245;275;-5;0.15
285;275;-5;0.21
295;275;-5;0.27
305;275;-5;0.3
335;275;-5;0.27
345;275;-5;0.15
355;275;-5;0.3
365;275;-5;0.09
375;275;-5;0.27
385;275;-5;0.33
395;275;-5;0.06
-385;285;-5;0.18
-365;285;-5;0.09
-355;285;-5;0.3
-345;285;-5;0.24
-315;285;-5;0.15
-285;285;-5;0.27
-275;285;-5;0.3
-265;285;-5;0.21
-245;285;-5;0.24
-225;285;-5;0.3
-195;285;-5;0.18
-185;285;-5;0.12
-175;285;-5;0.24
-145;285;-5;0.33
-115;285;-5;0.09
-65;285;-5;0.33
-45;285;-5;0.21
-35;285;-5;0.39
-25;285;-5;0.18
-15;285;-5;0.3
25;285;-5;0.18
35;285;-5;0.21
45;285;-5;0.21
65;285;-5;0.24
85;285;-5;0.27
95;285;-5;0.27
105;285;-5;0.27
125;285;-5;0.24
165;285;-5;0.3
175;285;-5;0.27
185;285;-5;0.27
235;285;-5;0.18
245;285;-5;0.21
255;285;-5;0.36
265;285;-5;0.27
285;285;-5;0.39
305;285;-5;0.18
335;285;-5;0.15
345;285;-5;0.21
-355;295;-5;0.27
-345;295;-5;0.12
-315;295;-5;0.03
-305;295;-5;0.3
-295;295;-5;0.21
-275;295;-5;0.21
-265;295;-5;0.27
-225;295;-5;0.3
-215;295;-5;0.3
-205;295;-5;0.24
-195;295;-5;0.21
-185;295;-5;0.15
-135;295;-5;0.18
-125;295;-5;0.3
-115;295;-5;0.15
-105;295;-5;0.21
-95;295;-5;0.27
-45;295;-5;0.33
-35;295;-5;0.06
-15;295;-5;0.24
125;295;-5;0.21
145;295;-5;0.36
155;295;-5;0.3
165;295;-5;0.18
175;295;-5;0.24
205;295;-5;0.12
215;295;-5;0.27
225;295;-5;0.21
235;295;-5;0.15
275;295;-5;0.15
285;295;-5;0.15
295;295;-5;0.18
305;295;-5;0.24
315;295;-5;0.21
325;295;-5;0.33
335;295;-5;0.33
355;295;-5;0.15
365;295;-5;0.3
385;295;-5;0.21
-395;305;-5;0.15
-385;305;-5;0.27
-375;305;-5;0.12
-365;305;-5;0.15
-345;305;-5;0.15
-315;305;-5;0.24
-305;305;-5;0.24
-295;305;-5;0.18
-285;305;-5;0.24
-275;305;-5;0.24
-255;305;-5;0.24
-245;305;-5;0.18
-225;305;-5;0.09
-205;305;-5;0.33
-195;305;-5;0.06
-185;305;-5;0.18
-115;305;-5;0.18
-65;305;-5;0.12
-55;305;-5;0.12
-45;305;-5;0.15
-15;305;-5;0.15
35;305;-5;0.18
45;305;-5;0.09
85;305;-5;0.12
105;305;-5;0.21
125;305;-5;0.24
205;305;-5;0.12
225;305;-5;0.12
235;305;-5;0.21
245;305;-5;0.21
255;305;-5;0.15
265;305;-5;0.18
285;305;-5;0.18
305;305;-5;0.24
315;305;-5;0.24
375;305;-5;0.27
395;305;-5;0.03
-375;315;-5;0.3
-355;315;-5;0.21
-315;315;-5;0.3
-305;315;-5;0.27
-295;315;-5;0.3
-275;315;-5;0.21
-245;315;-5;0.27
-235;315;-5;0.3
-215;315;-5;0.18
-195;315;-5;0.27
-185;315;-5;0.12
-165;315;-5;0.33
-145;315;-5;0.33
-135;315;-5;0.3
-125;315;-5;0.3
-105;315;-5;0.24
-85;315;-5;0.21
-35;315;-5;0.24
-15;315;-5;0.27
-5;315;-5;0.24
25;315;-5;0.21
35;315;-5;0.12
45;315;-5;0.27
55;315;-5;0.21
65;315;-5;0.27
85;315;-5;0.21
115;315;-5;0.42
175;315;-5;0.27
185;315;-5;0.24
195;315;-5;0.15
205;315;-5;0.21
255;315;-5;0.18
265;315;-5;0.18
275;315;-5;0.24
305;315;-5;0.15
315;315;-5;0.21
335;315;-5;0.24
365;315;-5;0.24
385;315;-5;0.3
395;315;-5;0.12
-395;325;-5;0.3
-385;325;-5;0.3
-375;325;-5;0.24
-365;325;-5;0.3
-355;325;-5;0.27
-335;325;-5;0.24
-295;325;-5;0.33
-265;325;-5;0.3
-245;325;-5;0.27
-225;325;-5;0.27
-195;325;-5;0.24
-165;325;-5;0.15
-145;325;-5;0.39
-135;325;-5;0.15
-125;325;-5;0.27
-105;325;-5;0.18
-75;325;-5;0.3
-65;325;-5;0.24
-45;325;-5;0.27
-15;325;-5;0.21
15;325;-5;0.42
25;325;-5;0.21
65;325;-5;0.21
75;325;-5;0.12
105;325;-5;0.15
135;325;-5;0.21
145;325;-5;0.12
155;325;-5;0.27
165;325;-5;0.21
195;325;-5;0.3
205;325;-5;0.18
215;325;-5;0.15
225;325;-5;0.3
245;325;-5;0.15
265;325;-5;0.36
295;325;-5;0.12
315;325;-5;0.21
325;325;-5;0.24
365;325;-5;0.21
375;325;-5;0.3
385;325;-5;0.15
395;325;-5;0.09
-395;335;-5;0.12
-385;335;-5;0.3
-375;335;-5;0.18
-355;335;-5;0.15
-345;335;-5;0.15
-325;335;-5;0.21
-305;335;-5;0.3
-285;335;-5;0.24
-275;335;-5;0.18
-265;335;-5;0.21
-195;335;-5;0.21
-175;335;-5;0.18
-165;335;-5;0.21
-155;335;-5;0.21
-135;335;-5;0.3
-105;335;-5;0.33
-45;335;-5;0.3
-25;335;-5;0.33
-5;335;-5;0.27
5;335;-5;0.21
15;335;-5;0.12
25;335;-5;0.15
55;335;-5;0.15
65;335;-5;0.21
85;335;-5;0.21
95;335;-5;0.21
135;335;-5;0.33
165;335;-5;0.33
195;335;-5;0.12
205;335;-5;0.27
225;335;-5;0.12
235;335;-5;0.3
245;335;-5;0.15
285;335;-5;0.42
305;335;-5;0.15
325;335;-5;0.24
345;335;-5;0.21
355;335;-5;0.27
365;335;-5;0.27
385;335;-5;0.18
395;335;-5;0.09
-395;345;-5;0.18
-355;345;-5;0.18
-335;345;-5;0.21
-315;345;-5;0.21
-305;345;-5;0.21
-285;345;-5;0.15
-255;345;-5;0.21
-195;345;-5;0.27
-165;345;-5;0.18
-145;345;-5;0.03
-125;345;-5;0.24
-115;345;-5;0.24
-105;345;-5;0.24
-75;345;-5;0.24
-55;345;-5;0.24
-35;345;-5;0.27
-25;345;-5;0.27
35;345;-5;0.18
55;345;-5;0.24
65;345;-5;0.27
75;345;-5;0.24
95;345;-5;0.3
105;345;-5;0.18
125;345;-5;0.45
165;345;-5;0.18
185;345;-5;0.15
195;345;-5;0.24
215;345;-5;0.18
225;345;-5;0.3
235;345;-5;0.18
255;345;-5;0.27
295;345;-5;0.21
325;345;-5;0.33
335;345;-5;0.27
355;345;-5;0.24
365;345;-5;0.33
395;345;-5;0.12
-395;355;-5;0.21
-385;355;-5;0.36
-365;355;-5;0.21
-355;355;-5;0.21
-335;355;-5;0.24
-315;355;-5;0.3
-295;355;-5;0.12
-285;355;-5;0.27
-275;355;-5;0.12
-265;355;-5;0.18
-245;355;-5;0.27
-235;355;-5;0.15
-215;355;-5;0.3
-185;355;-5;0.15
-175;355;-5;0.18
-165;355;-5;0.27
-155;355;-5;0.21
-145;355;-5;0.24
-125;355;-5;0.3
-105;355;-5;0.3
-95;355;-5;0.3
-85;355;-5;0.21
-55;355;-5;0.18
-25;355;-5;0.15
-5;355;-5;0.18
5;355;-5;0.18
15;355;-5;0.39
25;355;-5;0.3
45;355;-5;0.27
65;355;-5;0.15
75;355;-5;0.21
125;355;-5;0.27
145;355;-5;0.3
155;355;-5;0.15
165;355;-5;0.45
175;355;-5;0.24
205;355;-5;0.15
225;355;-5;0.27
245;355;-5;0.3
255;355;-5;0.18
275;355;-5;0.27
295;355;-5;0.33
315;355;-5;0.36
355;355;-5;0.21
365;355;-5;0.24
375;355;-5;0.18
395;355;-5;0.15
-385;365;-5;0.21
-365;365;-5;0.27
-355;365;-5;0.33
-345;365;-5;0.06
-305;365;-5;0.33
-295;365;-5;0.06
-265;365;-5;0.15
-235;365;-5;0.18
-225;365;-5;0.24
-185;365;-5;0.15
-175;365;-5;0.33
-155;365;-5;0.18
-125;365;-5;0.39
-85;365;-5;0.18
-75;365;-5;0.15
-65;365;-5;0.24
-45;365;-5;0.27
-15;365;-5;0.21
-5;365;-5;0.15
15;365;-5;0.09
25;365;-5;0.12
45;365;-5;0.21
75;365;-5;0.21
85;365;-5;0.24
105;365;-5;0.18
115;365;-5;0.21
125;365;-5;0.15
135;365;-5;0.15
145;365;-5;0.27
195;365;-5;0.18
215;365;-5;0.24
235;365;-5;0.18
245;365;-5;0.27
255;365;-5;0.24
275;365;-5;0.18
285;365;-5;0.3
305;365;-5;0.18
315;365;-5;0.27
335;365;-5;0.15
395;365;-5;0.09
-385;375;-5;0.24
-275;375;-5;0.09
-255;375;-5;0.33
-245;375;-5;0.15
-235;375;-5;0.27
-215;375;-5;0.27
-205;375;-5;0.3
-185;375;-5;0.24
-175;375;-5;0.12
-165;375;-5;0.15
-155;375;-5;0.3
-145;375;-5;0.18
-135;375;-5;0.21
-125;375;-5;0.15
-105;375;-5;0.21
-95;375;-5;0.15
-75;375;-5;0.27
-55;375;-5;0.21
-45;375;-5;0.24
15;375;-5;0.21
75;375;-5;0.27
115;375;-5;0.15
135;375;-5;0.18
155;375;-5;0.45
205;375;-5;0.3
225;375;-5;0.27
255;375;-5;0.18
275;375;-5;0.3
285;375;-5;0.21
325;375;-5;0.33
345;375;-5;0.12
365;375;-5;0.24
-365;385;-5;0.27
-355;385;-5;0.24
-295;385;-5;0.27
-285;385;-5;0.27
-265;385;-5;0.15
-235;385;-5;0.39
-225;385;-5;0.18
-215;385;-5;0.24
-175;385;-5;0.18
-145;385;-5;0.27
-105;385;-5;0.24
-95;385;-5;0.33
-55;385;-5;0.15
-45;385;-5;0.27
-25;385;-5;0.21
-15;385;-5;0.39
5;385;-5;0.18
15;385;-5;0.27
25;385;-5;0.3
45;385;-5;0.24
55;385;-5;0.15
65;385;-5;0.36
85;385;-5;0.12
95;385;-5;0.39
115;385;-5;0.15
125;385;-5;0.09
135;385;-5;0.36
165;385;-5;0.21
205;385;-5;0.27
235;385;-5;0.24
255;385;-5;0.36
275;385;-5;0.27
295;385;-5;0.15
305;385;-5;0.18
315;385;-5;0.21
325;385;-5;0.27
335;385;-5;0.18
345;385;-5;0.21
365;385;-5;0.06
385;385;-5;0.15
395;385;-5;0.03
-365;395;-5;0.21
-315;395;-5;0.15
-305;395;-5;0.3
-285;395;-5;0.24
-275;395;-5;0.33
-265;395;-5;0.27
-255;395;-5;0.12
-225;395;-5;0.3
-215;395;-5;0.15
-165;395;-5;0.24
-145;395;-5;0.21
-135;395;-5;0.27
-125;395;-5;0.21
-115;395;-5;0.24
-85;395;-5;0.18
-75;395;-5;0.15
-65;395;-5;0.18
-45;395;-5;0.3
-35;395;-5;0.27
-25;395;-5;0.36
-15;395;-5;0.18
-5;395;-5;0.21
5;395;-5;0.33
35;395;-5;0.3
55;395;-5;0.24
75;395;-5;0.18
85;395;-5;0.24
115;395;-5;0.18
125;395;-5;0.3
135;395;-5;0.24
145;395;-5;0.33
175;395;-5;0.33
185;395;-5;0.36
195;395;-5;0.3
215;395;-5;0.33
235;395;-5;0.12
245;395;-5;0.21
265;395;-5;0.24
305;395;-5;0.27
315;395;-5;0.15
345;395;-5;0.15
365;395;-5;0.24
385;395;-5;0.24
395;395;-5;0.24
-395;-395;5;0.06
-345;-395;5;0.06
-335;-395;5;0.03
-315;-395;5;0.03
-265;-395;5;0.12
-215;-395;5;0.12
-195;-395;5;0.06
-115;-395;5;0.03
-105;-395;5;0.03
-85;-395;5;0.12
-65;-395;5;0.03
95;-395;5;0.12
125;-395;5;0.03
175;-395;5;0.15
195;-395;5;0.06
205;-395;5;0.06
245;-395;5;0.09
325;-395;5;0.03
385;-395;5;0.09
-395;-385;5;0.12
-385;-385;5;0.24
-375;-385;5;0.18
-365;-385;5;0.12
-355;-385;5;0.3
-345;-385;5;0.15
-335;-385;5;0.3
-305;-385;5;0.18
-295;-385;5;0.27
-265;-385;5;0.24
-245;-385;5;0.15
-235;-385;5;0.24
-225;-385;5;0.36
-215;-385;5;0.24
-205;-385;5;0.33
-195;-385;5;0.3
-185;-385;5;0.24
-175;-385;5;0.18
-165;-385;5;0.3
-145;-385;5;0.27
-105;-385;5;0.21
-95;-385;5;0.27
-75;-385;5;0.27
-65;-385;5;0.27
-55;-385;5;0.15
-45;-385;5;0.18
15;-385;5;0.36
45;-385;5;0.18
75;-385;5;0.06
85;-385;5;0.27
95;-385;5;0.27
105;-385;5;0.21
115;-385;5;0.27
125;-385;5;0.21
165;-385;5;0.21
195;-385;5;0.24
225;-385;5;0.3
235;-385;5;0.27
275;-385;5;0.21
295;-385;5;0.21
305;-385;5;0.18
315;-385;5;0.12
-395;-375;5;0.09
-385;-375;5;0.39
-375;-375;5;0.21
-365;-375;5;0.18
-345;-375;5;0.27
-335;-375;5;0.42
-295;-375;5;0.09
-285;-375;5;0.27
-275;-375;5;0.27
-245;-375;5;0.21
-235;-375;5;0.27
-205;-375;5;0.39
-195;-375;5;0.15
-185;-375;5;0.21
-175;-375;5;0.24
-155;-375;5;0.21
-145;-375;5;0.3
-135;-375;5;0.27
-125;-375;5;0.18
-105;-375;5;0.21
-95;-375;5;0.21
-65;-375;5;0.21
-55;-375;5;0.18
-25;-375;5;0.21
-15;-375;5;0.18
5;-375;5;0.09
15;-375;5;0.21
35;-375;5;0.18
45;-375;5;0.18
55;-375;5;0.18
75;-375;5;0.15
85;-375;5;0.18
95;-375;5;0.12
105;-375;5;0.18
115;-375;5;0.18
135;-375;5;0.24
165;-375;5;0.15
185;-375;5;0.09
195;-375;5;0.15
205;-375;5;0.15
225;-375;5;0.09
235;-375;5;0.3
245;-375;5;0.18
275;-375;5;0.21
315;-375;5;0.24
325;-375;5;0.33
335;-375;5;0.21
345;-375;5;0.3
355;-375;5;0.3
365;-375;5;0.21
385;-375;5;0.24
395;-375;5;0.15
-395;-365;5;0.27
-375;-365;5;0.21
-345;-365;5;0.15
-315;-365;5;0.15
-305;-365;5;0.27
-285;-365;5;0.21
-265;-365;5;0.3
-245;-365;5;0.3
-235;-365;5;0.39
-215;-365;5;0.24
-155;-365;5;0.24
-145;-365;5;0.12
-125;-365;5;0.27
-95;-365;5;0.15
-85;-365;5;0.36
-55;-365;5;0.36
-45;-365;5;0.12
-25;-365;5;0.3
-15;-365;5;0.27
5;-365;5;0.21
15;-365;5;0.33
25;-365;5;0.27
35;-365;5;0.15
65;-365;5;0.21
75;-365;5;0.18
115;-365;5;0.21
135;-365;5;0.06
155;-365;5;0.18
165;-365;5;0.15
175;-365;5;0.18
185;-365;5;0.24
195;-365;5;0.18
215;-365;5;0.24
225;-365;5;0.3
235;-365;5;0.24
255;-365;5;0.27
265;-365;5;0.24
275;-365;5;0.27
285;-365;5;0.21
295;-365;5;0.27
315;-365;5;0.18
325;-365;5;0.27
335;-365;5;0.21
345;-365;5;0.27
365;-365;5;0.24
-355;-355;5;0.18
-315;-355;5;0.24
-275;-355;5;0.24
-255;-355;5;0.24
-245;-355;5;0.15
-235;-355;5;0.24
-225;-355;5;0.27
-205;-355;5;0.18
-185;-355;5;0.18
-135;-355;5;0.15
-125;-355;5;0.24
-115;-355;5;0.39
-95;-355;5;0.21
-85;-355;5;0.21
-65;-355;5;0.15
-55;-355;5;0.21
-45;-355;5;0.21
-15;-355;5;0.27
-5;-355;5;0.15
25;-355;5;0.24
65;-355;5;0.15
75;-355;5;0.24
85;-355;5;0.24
115;-355;5;0.36
135;-355;5;0.36
155;-355;5;0.24
165;-355;5;0.24
185;-355;5;0.15
215;-355;5;0.27
225;-355;5;0.21
235;-355;5;0.24
245;-355;5;0.3
255;-355;5;0.27
265;-355;5;0.21
305;-355;5;0.15
315;-355;5;0.21
365;-355;5;0.18
385;-355;5;0.33
-375;-345;5;0.39
-365;-345;5;0.21
-355;-345;5;0.18
-345;-345;5;0.18
-335;-345;5;0.12
-285;-345;5;0.24
-275;-345;5;0.24
-255;-345;5;0.18
-245;-345;5;0.21
-235;-345;5;0.24
-225;-345;5;0.21
-205;-345;5;0.3
-175;-345;5;0.3
-155;-345;5;0.18
-135;-345;5;0.24
-125;-345;5;0.24
-115;-345;5;0.18
-105;-345;5;0.24
-95;-345;5;0.3
-85;-345;5;0.21
-75;-345;5;0.33
-65;-345;5;0.27
-55;-345;5;0.21
-35;-345;5;0.27
-25;-345;5;0.3
-15;-345;5;0.27
5;-345;5;0.39
45;-345;5;0.21
55;-345;5;0.27
95;-345;5;0.24
105;-345;5;0.21
125;-345;5;0.09
155;-345;5;0.3
165;-345;5;0.15
185;-345;5;0.27
205;-345;5;0.15
215;-345;5;0.27
245;-345;5;0.3
255;-345;5;0.21
285;-345;5;0.21
305;-345;5;0.09
315;-345;5;0.33
325;-345;5;0.3
335;-345;5;0.15
355;-345;5;0.21
365;-345;5;0.15
375;-345;5;0.24
385;-345;5;0.3
-375;-335;5;0.09
-365;-335;5;0.3
-355;-335;5;0.24
-345;-335;5;0.15
-335;-335;5;0.27
-325;-335;5;0.24
-305;-335;5;0.21
-295;-335;5;0.21
-285;-335;5;0.24
-275;-335;5;0.15
-245;-335;5;0.15
-235;-335;5;0.21
-225;-335;5;0.18
-195;-335;5;0.18
-175;-335;5;0.21
-155;-335;5;0.33
-145;-335;5;0.21
-135;-335;5;0.09
-85;-335;5;0.27
-75;-335;5;0.3
-65;-335;5;0.12
-55;-335;5;0.27
-45;-335;5;0.21
-25;-335;5;0.3
-5;-335;5;0.33
25;-335;5;0.3
75;-335;5;0.24
105;-335;5;0.21
125;-335;5;0.18
135;-335;5;0.12
155;-335;5;0.33
165;-335;5;0.18
175;-335;5;0.21
205;-335;5;0.21
215;-335;5;0.09
235;-335;5;0.24
255;-335;5;0.27
265;-335;5;0.24
275;-335;5;0.21
285;-335;5;0.3
295;-335;5;0.12
335;-335;5;0.42
355;-335;5;0.15
375;-335;5;0.12
385;-335;5;0.21
395;-335;5;0.21
-385;-325;5;0.21
-375;-325;5;0.15
-365;-325;5;0.27
-325;-325;5;0.27
-315;-325;5;0.36
-305;-325;5;0.24
-295;-325;5;0.33
-275;-325;5;0.24
-265;-325;5;0.24
-215;-325;5;0.27
-185;-325;5;0.3
-155;-325;5;0.24
-105;-325;5;0.21
-95;-325;5;0.27
-65;-325;5;0.27
-55;-325;5;0.15
-45;-325;5;0.24
-35;-325;5;0.3
-25;-325;5;0.12
-15;-325;5;0.27
-5;-325;5;0.27
25;-325;5;0.12
65;-325;5;0.18
75;-325;5;0.24
85;-325;5;0.15
115;-325;5;0.15
135;-325;5;0.27
155;-325;5;0.21
165;-325;5;0.27
185;-325;5;0.15
195;-325;5;0.27
225;-325;5;0.06
235;-325;5;0.12
245;-325;5;0.42
255;-325;5;0.27
275;-325;5;0.24
315;-325;5;0.27
335;-325;5;0.18
355;-325;5;0.24
365;-325;5;0.15
375;-325;5;0.3
385;-325;5;0.27
395;-325;5;0.06
-395;-315;5;0.18
-375;-315;5;0.24
-365;-315;5;0.27
-355;-315;5;0.33
-315;-315;5;0.21
-305;-315;5;0.27
-295;-315;5;0.24
-255;-315;5;0.18
-235;-315;5;0.27
-225;-315;5;0.24
-215;-315;5;0.18
-175;-315;5;0.27
-125;-315;5;0.21
-115;-315;5;0.21
-105;-315;5;0.18
-95;-315;5;0.21
-85;-315;5;0.12
-55;-315;5;0.27
-45;-315;5;0.21
-35;-315;5;0.21
-25;-315;5;0.39
-15;-315;5;0.24
-5;-315;5;0.18
5;-315;5;0.21
25;-315;5;0.18
45;-315;5;0.18
85;-315;5;0.27
95;-315;5;0.27
105;-315;5;0.18
115;-315;5;0.24
125;-315;5;0.27
145;-315;5;0.27
155;-315;5;0.33
165;-315;5;0.24
195;-315;5;0.21
215;-315;5;0.33
245;-315;5;0.3
255;-315;5;0.15
265;-315;5;0.15
275;-315;5;0.18
285;-315;5;0.24
295;-315;5;0.24
335;-315;5;0.09
385;-315;5;0.21
-375;-305;5;0.21
-365;-305;5;0.24
-355;-305;5;0.21
-345;-305;5;0.09
-325;-305;5;0.18
-255;-305;5;0.27
-235;-305;5;0.18
-205;-305;5;0.18
-185;-305;5;0.24
-115;-305;5;0.18
-105;-305;5;0.27
-75;-305;5;0.21
-55;-305;5;0.18
-25;-305;5;0.18
35;-305;5;0.18
45;-305;5;0.12
55;-305;5;0.3
75;-305;5;0.27
135;-305;5;0.3
145;-305;5;0.06
155;-305;5;0.27
175;-305;5;0.21
185;-305;5;0.15
205;-305;5;0.27
225;-305;5;0.12
265;-305;5;0.27
285;-305;5;0.3
315;-305;5;0.24
345;-305;5;0.15
395;-305;5;0.15
-395;-295;5;0.18
-385;-295;5;0.21
-375;-295;5;0.33
-335;-295;5;0.33
-325;-295;5;0.27
-295;-295;5;0.3
-285;-295;5;0.21
-265;-295;5;0.36
-225;-295;5;0.15
-215;-295;5;0.33
-205;-295;5;0.21
-185;-295;5;0.18
-175;-295;5;0.27
-165;-295;5;0.21
-135;-295;5;0.33
-95;-295;5;0.24
-85;-295;5;0.15
-75;-295;5;0.24
-25;-295;5;0.33
-15;-295;5;0.15
-5;-295;5;0.24
25;-295;5;0.21
35;-295;5;0.15
45;-295;5;0.24
55;-295;5;0.27
75;-295;5;0.21
95;-295;5;0.3
105;-295;5;0.3
115;-295;5;0.15
125;-295;5;0.21
155;-295;5;0.33
165;-295;5;0.12
185;-295;5;0.3
225;-295;5;0.27
245;-295;5;0.24
285;-295;5;0.18
325;-295;5;0.18
335;-295;5;0.18
385;-295;5;0.27
395;-295;5;0.06
-375;-285;5;0.24
-355;-285;5;0.33
-315;-285;5;0.24
-295;-285;5;0.18
-255;-285;5;0.21
-245;-285;5;0.12
-235;-285;5;0.24
-225;-285;5;0.21
-215;-285;5;0.12
-205;-285;5;0.12
-185;-285;5;0.27
-155;-285;5;0.3
-145;-285;5;0.18
-135;-285;5;0.3
-85;-285;5;0.24
-55;-285;5;0.21
-35;-285;5;0.21
-25;-285;5;0.18
25;-285;5;0.21
45;-285;5;0.3
55;-285;5;0.18
75;-285;5;0.18
135;-285;5;0.24
165;-285;5;0.18
175;-285;5;0.21
205;-285;5;0.24
215;-285;5;0.18
225;-285;5;0.27
255;-285;5;0.24
265;-285;5;0.06
275;-285;5;0.24
285;-285;5;0.18
295;-285;5;0.33
315;-285;5;0.18
355;-285;5;0.24
365;-285;5;0.3
-395;-275;5;0.15
-375;-275;5;0.15
-345;-275;5;0.27
-285;-275;5;0.12
-255;-275;5;0.39
-205;-275;5;0.18
-165;-275;5;0.15
-135;-275;5;0.18
-65;-275;5;0.24
-35;-275;5;0.21
-25;-275;5;0.18
5;-275;5;0.18
15;-275;5;0.24
55;-275;5;0.3
65;-275;5;0.18
105;-275;5;0.15
115;-275;5;0.18
125;-275;5;0.21
135;-275;5;0.39
155;-275;5;0.15
175;-275;5;0.18
195;-275;5;0.15
225;-275;5;0.12
235;-275;5;0.3
255;-275;5;0.15
275;-275;5;0.24
285;-275;5;0.21
295;-275;5;0.27
315;-275;5;0.27
325;-275;5;0.15
335;-275;5;0.15
365;-275;5;0.21
375;-275;5;0.24
385;-275;5;0.21
-375;-265;5;0.24
-345;-265;5;0.24
-325;-265;5;0.21
-315;-265;5;0.18
-305;-265;5;0.21
-285;-265;5;0.27
-275;-265;5;0.18
-245;-265;5;0.18
-235;-265;5;0.18
-225;-265;5;0.36
-205;-265;5;0.33
-195;-265;5;0.21
-185;-265;5;0.21
-175;-265;5;0.18
-165;-265;5;0.33
-155;-265;5;0.21
-145;-265;5;0.12
-125;-265;5;0.21
-115;-265;5;0.21
-75;-265;5;0.27
-55;-265;5;0.24
-45;-265;5;0.18
-25;-265;5;0.3
-15;-265;5;0.09
25;-265;5;0.27
35;-265;5;0.21
85;-265;5;0.18
95;-265;5;0.15
105;-265;5;0.3
125;-265;5;0.24
145;-265;5;0.21
165;-265;5;0.15
185;-265;5;0.27
195;-265;5;0.24
225;-265;5;0.24
235;-265;5;0.21
245;-265;5;0.18
265;-265;5;0.18
285;-265;5;0.3
295;-265;5;0.18
305;-265;5;0.18
335;-265;5;0.15
345;-265;5;0.3
365;-265;5;0.24
375;-265;5;0.15
385;-265;5;0.21
-395;-255;5;0.15
-375;-255;5;0.15
-365;-255;5;0.42
-335;-255;5;0.33
-325;-255;5;0.12
-315;-255;5;0.27
-305;-255;5;0.21
-285;-255;5;0.18
-275;-255;5;0.15
-255;-255;5;0.27
-225;-255;5;0.24
-215;-255;5;0.24
-185;-255;5;0.42
-175;-255;5;0.21
-155;-255;5;0.24
-125;-255;5;0.18
-115;-255;5;0.33
-105;-255;5;0.18
-85;-255;5;0.18
-75;-255;5;0.3
-55;-255;5;0.21
-45;-255;5;0.18
15;-255;5;0.36
25;-255;5;0.33
45;-255;5;0.12
65;-255;5;0.36
95;-255;5;0.27
105;-255;5;0.18
115;-255;5;0.15
155;-255;5;0.36
175;-255;5;0.18
195;-255;5;0.3
215;-255;5;0.18
245;-255;5;0.36
275;-255;5;0.24
295;-255;5;0.33
305;-255;5;0.3
315;-255;5;0.18
325;-255;5;0.12
335;-255;5;0.21
355;-255;5;0.33
-365;-245;5;0.18
-345;-245;5;0.24
-325;-245;5;0.18
-315;-245;5;0.06
-305;-245;5;0.24
-285;-245;5;0.18
-275;-245;5;0.42
-265;-245;5;0.15
-255;-245;5;0.27
-235;-245;5;0.21
-185;-245;5;0.12
-175;-245;5;0.24
-155;-245;5;0.12
-135;-245;5;0.18
-105;-245;5;0.3
-95;-245;5;0.3
-75;-245;5;0.24
-35;-245;5;0.24
-25;-245;5;0.15
5;-245;5;0.33
65;-245;5;0.21
105;-245;5;0.24
125;-245;5;0.09
165;-245;5;0.24
175;-245;5;0.15
205;-245;5;0.18
215;-245;5;0.27
245;-245;5;0.18
255;-245;5;0.18
265;-245;5;0.15
305;-245;5;0.27
315;-245;5;0.24
325;-245;5;0.24
335;-245;5;0.21
345;-245;5;0.33
375;-245;5;0.27
-395;-235;5;0.18
-355;-235;5;0.12
-345;-235;5;0.15
-335;-235;5;0.21
-325;-235;5;0.24
-315;-235;5;0.24
-295;-235;5;0.21
-275;-235;5;0.18
-265;-235;5;0.3
-235;-235;5;0.33
-215;-235;5;0.21
-195;-235;5;0.24
-155;-235;5;0.24
-135;-235;5;0.18
-125;-235;5;0.27
-115;-235;5;0.15
-105;-235;5;0.3
-95;-235;5;0.15
-85;-235;5;0.21
-65;-235;5;0.15
-55;-235;5;0.33
-25;-235;5;0.15
-5;-235;5;0.3
15;-235;5;0.33
25;-235;5;0.36
35;-235;5;0.12
45;-235;5;0.18
95;-235;5;0.27
115;-235;5;0.24
125;-235;5;0.39
135;-235;5;0.21
145;-235;5;0.18
155;-235;5;0.33
175;-235;5;0.12
185;-235;5;0.24
225;-235;5;0.36
255;-235;5;0.39
285;-235;5;0.21
315;-235;5;0.24
375;-235;5;0.21
-385;-225;5;0.27
-375;-225;5;0.12
-365;-225;5;0.15
-355;-225;5;0.21
-345;-225;5;0.24
-335;-225;5;0.15
-325;-225;5;0.33
-305;-225;5;0.15
-295;-225;5;0.09
-285;-225;5;0.27
-255;-225;5;0.21
-245;-225;5;0.27
-235;-225;5;0.21
-225;-225;5;0.18
-215;-225;5;0.27
-185;-225;5;0.27
-175;-225;5;0.27
-165;-225;5;0.27
-135;-225;5;0.15
-125;-225;5;0.18
-95;-225;5;0.3
-85;-225;5;0.18
-75;-225;5;0.21
-65;-225;5;0.33
-55;-225;5;0.15
-35;-225;5;0.3
-25;-225;5;0.21
25;-225;5;0.39
35;-225;5;0.21
45;-225;5;0.18
65;-225;5;0.15
75;-225;5;0.24
85;-225;5;0.27
95;-225;5;0.3
105;-225;5;0.18
115;-225;5;0.15
135;-225;5;0.21
145;-225;5;0.33
185;-225;5;0.24
205;-225;5;0.27
255;-225;5;0.21
265;-225;5;0.21
275;-225;5;0.36
285;-225;5;0.36
295;-225;5;0.12
305;-225;5;0.33
345;-225;5;0.27
375;-225;5;0.21
385;-225;5;0.33
-395;-215;5;0.09
-385;-215;5;0.18
-375;-215;5;0.36
-355;-215;5;0.18
-335;-215;5;0.24
-305;-215;5;0.24
-295;-215;5;0.18
-285;-215;5;0.09
-265;-215;5;0.15
-235;-215;5;0.12
-225;-215;5;0.21
-215;-215;5;0.27
-205;-215;5;0.21
-185;-215;5;0.12
-165;-215;5;0.21
-125;-215;5;0.24
-75;-215;5;0.27
-65;-215;5;0.3
-45;-215;5;0.24
-15;-215;5;0.27
-5;-215;5;0.21
5;-215;5;0.27
25;-215;5;0.18
55;-215;5;0.21
85;-215;5;0.21
95;-215;5;0.24
115;-215;5;0.39
155;-215;5;0.09
185;-215;5;0.27
215;-215;5;0.21
225;-215;5;0.27
245;-215;5;0.24
265;-215;5;0.21
275;-215;5;0.18
295;-215;5;0.24
305;-215;5;0.03
315;-215;5;0.18
335;-215;5;0.09
345;-215;5;0.18
355;-215;5;0.24
365;-215;5;0.18
375;-215;5;0.15
385;-215;5;0.24
395;-215;5;0.12
-385;-205;5;0.24
-335;-205;5;0.36
-315;-205;5;0.24
-285;-205;5;0.3
-275;-205;5;0.24
-255;-205;5;0.21
-245;-205;5;0.15
-235;-205;5;0.24
-205;-205;5;0.15
-165;-205;5;0.21
-145;-205;5;0.36
-125;-205;5;0.24
-85;-205;5;0.24
-75;-205;5;0.24
-65;-205;5;0.18
-55;-205;5;0.27
-45;-205;5;0.27
-15;-205;5;0.3
-5;-205;5;0.36
15;-205;5;0.27
25;-205;5;0.42
35;-205;5;0.21
45;-205;5;0.15
55;-205;5;0.15
105;-205;5;0.15
115;-205;5;0.18
145;-205;5;0.18
155;-205;5;0.27
165;-205;5;0.15
205;-205;5;0.12
225;-205;5;0.24
295;-205;5;0.33
315;-205;5;0.21
335;-205;5;0.3
-395;-195;5;0.18
-385;-195;5;0.33
-345;-195;5;0.21
-335;-195;5;0.24
-325;-195;5;0.15
-255;-195;5;0.15
-245;-195;5;0.3
-205;-195;5;0.24
-195;-195;5;0.12
-155;-195;5;0.12
-135;-195;5;0.36
-115;-195;5;0.15
-105;-195;5;0.33
-95;-195;5;0.18
-85;-195;5;0.21
-45;-195;5;0.27
-25;-195;5;0.24
-15;-195;5;0.21
-5;-195;5;0.39
15;-195;5;0.24
25;-195;5;0.21
35;-195;5;0.18
55;-195;5;0.33
65;-195;5;0.27
75;-195;5;0.27
85;-195;5;0.06
135;-195;5;0.24
145;-195;5;0.18
155;-195;5;0.18
165;-195;5;0.12
185;-195;5;0.24
205;-195;5;0.24
215;-195;5;0.18
225;-195;5;0.24
255;-195;5;0.3
305;-195;5;0.36
335;-195;5;0.12
355;-195;5;0.21
-395;-185;5;0.12
-385;-185;5;0.24
-365;-185;5;0.24
-355;-185;5;0.18
-345;-185;5;0.21
-315;-185;5;0.24
-305;-185;5;0.3
-285;-185;5;0.24
-265;-185;5;0.21
-235;-185;5;0.33
-175;-185;5;0.27
-165;-185;5;0.33
-155;-185;5;0.21
-105;-185;5;0.27
-95;-185;5;0.15
-65;-185;5;0.27
-55;-185;5;0.3
-25;-185;5;0.06
-15;-185;5;0.18
15;-185;5;0.06
25;-185;5;0.09
35;-185;5;0.36
45;-185;5;0.21
55;-185;5;0.27
65;-185;5;0.27
75;-185;5;0.36
105;-185;5;0.12
125;-185;5;0.27
135;-185;5;0.09
145;-185;5;0.3
165;-185;5;0.24
225;-185;5;0.24
235;-185;5;0.06
245;-185;5;0.42
265;-185;5;0.09
295;-185;5;0.33
315;-185;5;0.33
325;-185;5;0.33
345;-185;5;0.36
375;-185;5;0.36
385;-185;5;0.27
-395;-175;5;0.39
-385;-175;5;0.15
-375;-175;5;0.21
-365;-175;5;0.12
-325;-175;5;0.21
-315;-175;5;0.3
-305;-175;5;0.18
-295;-175;5;0.45
-265;-175;5;0.39
-255;-175;5;0.09
-235;-175;5;0.15
-215;-175;5;0.36
-195;-175;5;0.24
-165;-175;5;0.3
-155;-175;5;0.12
-125;-175;5;0.12
-105;-175;5;0.3
-95;-175;5;0.12
75;-175;5;0.18
105;-175;5;0.12
145;-175;5;0.24
155;-175;5;0.21
215;-175;5;0.3
225;-175;5;0.12
235;-175;5;0.24
285;-175;5;0.21
295;-175;5;0.27
305;-175;5;0.09
315;-175;5;0.3
325;-175;5;0.18
385;-175;5;0.27
395;-175;5;0.09
-375;-165;5;0.33
-355;-165;5;0.12
-325;-165;5;0.18
-285;-165;5;0.24
-265;-165;5;0.06
-245;-165;5;0.18
-225;-165;5;0.27
-215;-165;5;0.09
-195;-165;5;0.33
-175;-165;5;0.21
-165;-165;5;0.12
-155;-165;5;0.36
-145;-165;5;0.3
-105;-165;5;0.15
85;-165;5;0.06
95;-165;5;0.24
115;-165;5;0.09
155;-165;5;0.18
165;-165;5;0.15
185;-165;5;0.21
205;-165;5;0.3
215;-165;5;0.15
235;-165;5;0.18
245;-165;5;0.21
275;-165;5;0.21
285;-165;5;0.33
305;-165;5;0.33
335;-165;5;0.24
355;-165;5;0.27
365;-165;5;0.15
375;-165;5;0.24
395;-165;5;0.03
-375;-155;5;0.12
-355;-155;5;0.3
-285;-155;5;0.27
-265;-155;5;0.3
-255;-155;5;0.21
-245;-155;5;0.12
-235;-155;5;0.51
-225;-155;5;0.15
-215;-155;5;0.18
-185;-155;5;0.36
-165;-155;5;0.12
-135;-155;5;0.24
-125;-155;5;0.18
-105;-155;5;0.3
95;-155;5;0.09
115;-155;5;0.27
125;-155;5;0.06
135;-155;5;0.09
165;-155;5;0.24
175;-155;5;0.09
185;-155;5;0.15
215;-155;5;0.24
225;-155;5;0.3
255;-155;5;0.09
315;-155;5;0.21
335;-155;5;0.12
345;-155;5;0.21
355;-155;5;0.27
375;-155;5;0.33
395;-155;5;0.03
-375;-145;5;0.45
-365;-145;5;0.12
-355;-145;5;0.21
-335;-145;5;0.03
-325;-145;5;0.3
-315;-145;5;0.12
-245;-145;5;0.3
-225;-145;5;0.27
-215;-145;5;0.15
-205;-145;5;0.03
-155;-145;5;0.09
-125;-145;5;0.09
115;-145;5;0.21
125;-145;5;0.09
145;-145;5;0.09
175;-145;5;0.06
195;-145;5;0.21
225;-145;5;0.06
285;-145;5;0.36
305;-145;5;0.03
355;-145;5;0.09
375;-145;5;0.21
385;-145;5;0.21
395;-145;5;0.15
-375;-135;5;0.12
-345;-135;5;0.21
-315;-135;5;0.21
-255;-135;5;0.21
-245;-135;5;0.18
-215;-135;5;0.15
-205;-135;5;0.24
-175;-135;5;0.33
-165;-135;5;0.21
-135;-135;5;0.27
135;-135;5;0.09
215;-135;5;0.18
225;-135;5;0.39
235;-135;5;0.12
255;-135;5;0.39
265;-135;5;0.06
275;-135;5;0.27
285;-135;5;0.3
315;-135;5;0.12
325;-135;5;0.39
345;-135;5;0.18
355;-135;5;0.33
385;-135;5;0.24
-395;-125;5;0.09
-355;-125;5;0.24
-345;-125;5;0.21
-335;-125;5;0.33
-325;-125;5;0.24
-315;-125;5;0.15
-305;-125;5;0.27
-275;-125;5;0.3
-265;-125;5;0.09
-255;-125;5;0.18
-245;-125;5;0.21
-225;-125;5;0.33
-215;-125;5;0.03
-195;-125;5;0.21
-155;-125;5;0.27
125;-125;5;0.24
175;-125;5;0.15
215;-125;5;0.3
235;-125;5;0.18
245;-125;5;0.21
285;-125;5;0.27
305;-125;5;0.24
335;-125;5;0.27
355;-125;5;0.15
365;-125;5;0.3
375;-125;5;0.27
385;-125;5;0.15
395;-125;5;0.12
-395;-115;5;0.03
-375;-115;5;0.15
-365;-115;5;0.09
-345;-115;5;0.15
-335;-115;5;0.24
-295;-115;5;0.18
-245;-115;5;0.12
-235;-115;5;0.18
-215;-115;5;0.09
-155;-115;5;0.3
135;-115;5;0.21
145;-115;5;0.09
165;-115;5;0.12
175;-115;5;0.27
215;-115;5;0.12
225;-115;5;0.21
235;-115;5;0.24
245;-115;5;0.09
255;-115;5;0.24
305;-115;5;0.42
315;-115;5;0.24
345;-115;5;0.09
375;-115;5;0.06
395;-115;5;0.15
-395;-105;5;0.3
-375;-105;5;0.15
-365;-105;5;0.27
-355;-105;5;0.09
-335;-105;5;0.18
-325;-105;5;0.24
-295;-105;5;0.15
-285;-105;5;0.27
-275;-105;5;0.09
-255;-105;5;0.27
-225;-105;5;0.03
-175;-105;5;0.12
-35;-105;5;0.06
-25;-105;5;0.18
5;-105;5;0.09
15;-105;5;0.3
25;-105;5;0.21
145;-105;5;0.15
195;-105;5;0.42
205;-105;5;0.15
235;-105;5;0.12
255;-105;5;0.12
275;-105;5;0.36
285;-105;5;0.12
325;-105;5;0.39
345;-105;5;0.24
365;-105;5;0.12
385;-105;5;0.15
-375;-95;5;0.06
-345;-95;5;0.18
-335;-95;5;0.3
-315;-95;5;0.21
-305;-95;5;0.21
-285;-95;5;0.48
-265;-95;5;0.21
-255;-95;5;0.39
-245;-95;5;0.09
-235;-95;5;0.27
-195;-95;5;0.03
-155;-95;5;0.06
-35;-95;5;0.09
195;-95;5;0.24
215;-95;5;0.21
225;-95;5;0.39
235;-95;5;0.12
255;-95;5;0.3
275;-95;5;0.42
285;-95;5;0.15
305;-95;5;0.27
315;-95;5;0.18
325;-95;5;0.33
335;-95;5;0.21
395;-95;5;0.03
-395;-85;5;0.18
-385;-85;5;0.3
-345;-85;5;0.12
-335;-85;5;0.24
-315;-85;5;0.21
-285;-85;5;0.3
-275;-85;5;0.21
-245;-85;5;0.24
-235;-85;5;0.27
-215;-85;5;0.21
-195;-85;5;0.18
-185;-85;5;0.3
-175;-85;5;0.18
-55;-85;5;0.33
-45;-85;5;0.12
35;-85;5;0.3
55;-85;5;0.24
65;-85;5;0.24
185;-85;5;0.12
205;-85;5;0.18
225;-85;5;0.27
235;-85;5;0.06
245;-85;5;0.24
295;-85;5;0.15
325;-85;5;0.27
335;-85;5;0.12
355;-85;5;0.27
365;-85;5;0.15
385;-85;5;0.21
395;-85;5;0.12
-355;-75;5;0.21
-345;-75;5;0.27
-335;-75;5;0.03
-315;-75;5;0.48
-275;-75;5;0.18
-265;-75;5;0.36
-235;-75;5;0.27
-195;-75;5;0.27
-175;-75;5;0.27
-165;-75;5;0.03
-65;-75;5;0.15
-45;-75;5;0.18
-25;-75;5;0.09
45;-75;5;0.33
55;-75;5;0.24
65;-75;5;0.48
75;-75;5;0.12
85;-75;5;0.03
205;-75;5;0.27
225;-75;5;0.24
235;-75;5;0.12
255;-75;5;0.06
265;-75;5;0.03
285;-75;5;0.18
295;-75;5;0.24
305;-75;5;0.12
355;-75;5;0.09
365;-75;5;0.15
-375;-65;5;0.15
-365;-65;5;0.36
-335;-65;5;0.21
-315;-65;5;0.33
-285;-65;5;0.21
-265;-65;5;0.48
-245;-65;5;0.18
-235;-65;5;0.3
-225;-65;5;0.21
-205;-65;5;0.21
-195;-65;5;0.24
-55;-65;5;0.12
-45;-65;5;0.06
15;-65;5;0.15
25;-65;5;0.24
35;-65;5;0.15
45;-65;5;0.24
65;-65;5;0.21
75;-65;5;0.24
85;-65;5;0.12
165;-65;5;0.21
225;-65;5;0.24
305;-65;5;0.3
335;-65;5;0.39
345;-65;5;0.24
355;-65;5;0.15
365;-65;5;0.36
395;-65;5;0.15
-335;-55;5;0.3
-325;-55;5;0.33
-275;-55;5;0.21
-235;-55;5;0.15
-225;-55;5;0.39
-215;-55;5;0.09
-175;-55;5;0.42
45;-55;5;0.21
65;-55;5;0.03
75;-55;5;0.42
85;-55;5;0.18
185;-55;5;0.18
225;-55;5;0.45
255;-55;5;0.36
265;-55;5;0.15
275;-55;5;0.33
295;-55;5;0.27
315;-55;5;0.21
325;-55;5;0.18
355;-55;5;0.39
365;-55;5;0.09
-385;-45;5;0.06
-365;-45;5;0.03
-355;-45;5;0.15
-325;-45;5;0.33
-315;-45;5;0.12
-295;-45;5;0.42
-285;-45;5;0.06
-265;-45;5;0.09
-245;-45;5;0.36
-235;-45;5;0.12
-195;-45;5;0.33
-185;-45;5;0.12
85;-45;5;0.39
175;-45;5;0.15
215;-45;5;0.33
235;-45;5;0.27
255;-45;5;0.12
275;-45;5;0.18
315;-45;5;0.3
325;-45;5;0.09
345;-45;5;0.3
385;-45;5;0.21
395;-45;5;0.27
-395;-35;5;0.18
-375;-35;5;0.24
-365;-35;5;0.06
-355;-35;5;0.33
-315;-35;5;0.12
-305;-35;5;0.36
-295;-35;5;0.27
-285;-35;5;0.06
-245;-35;5;0.33
-235;-35;5;0.15
-215;-35;5;0.18
-195;-35;5;0.42
-185;-35;5;0.06
-175;-35;5;0.06
175;-35;5;0.03
185;-35;5;0.36
195;-35;5;0.18
205;-35;5;0.27
215;-35;5;0.39
225;-35;5;0.15
235;-35;5;0.27
265;-35;5;0.27
305;-35;5;0.3
315;-35;5;0.27
325;-35;5;0.06
335;-35;5;0.42
345;-35;5;0.24
365;-35;5;0.39
385;-35;5;0.18
395;-35;5;0.12
-385;-25;5;0.33
-375;-25;5;0.24
-365;-25;5;0.06
-355;-25;5;0.36
-335;-25;5;0.3
-315;-25;5;0.12
-295;-25;5;0.27
-275;-25;5;0.42
-255;-25;5;0.27
-185;-25;5;0.06
205;-25;5;0.27
235;-25;5;0.12
295;-25;5;0.15
315;-25;5;0.24
335;-25;5;0.48
345;-25;5;0.18
385;-25;5;0.27
-395;-15;5;0.06
-385;-15;5;0.3
-355;-15;5;0.33
-335;-15;5;0.27
-315;-15;5;0.18
-295;-15;5;0.18
-285;-15;5;0.27
-255;-15;5;0.21
-225;-15;5;0.15
-215;-15;5;0.21
185;-15;5;0.27
195;-15;5;0.12
215;-15;5;0.15
245;-15;5;0.21
275;-15;5;0.36
285;-15;5;0.21
295;-15;5;0.24
315;-15;5;0.15
365;-15;5;0.27
375;-15;5;0.18
395;-15;5;0.12
-365;-5;5;0.15
-355;-5;5;0.36
-335;-5;5;0.06
-235;-5;5;0.24
-215;-5;5;0.21
-205;-5;5;0.18
-195;-5;5;0.09
175;-5;5;0.06
185;-5;5;0.24
195;-5;5;0.36
215;-5;5;0.33
225;-5;5;0.21
235;-5;5;0.3
265;-5;5;0.27
275;-5;5;0.21
295;-5;5;0.21
355;-5;5;0.15
-395;5;5;0.12
-375;5;5;0.12
-345;5;5;0.24
-335;5;5;0.18
-325;5;5;0.18
-315;5;5;0.21
-305;5;5;0.33
-295;5;5;0.3
-285;5;5;0.24
-275;5;5;0.18
-265;5;5;0.33
-255;5;5;0.42
-245;5;5;0.24
-205;5;5;0.3
-195;5;5;0.12
-185;5;5;0.15
225;5;5;0.24
235;5;5;0.3
265;5;5;0.27
275;5;5;0.18
295;5;5;0.21
325;5;5;0.27
335;5;5;0.06
375;5;5;0.12
395;5;5;0.18
-395;15;5;0.21
-385;15;5;0.15
-375;15;5;0.09
-365;15;5;0.24
-345;15;5;0.27
-335;15;5;0.09
-315;15;5;0.18
-305;15;5;0.18
-265;15;5;0.15
-255;15;5;0.21
-235;15;5;0.18
-215;15;5;0.06
-195;15;5;0.3
-185;15;5;0.12
205;15;5;0.33
215;15;5;0.21
245;15;5;0.3
295;15;5;0.12
315;15;5;0.09
345;15;5;0.15
365;15;5;0.15
-395;25;5;0.24
-385;25;5;0.24
-355;25;5;0.33
-325;25;5;0.15
-315;25;5;0.21
-305;25;5;0.21
-295;25;5;0.27
-285;25;5;0.3
-245;25;5;0.39
-235;25;5;0.27
-225;25;5;0.21
-215;25;5;0.15
-195;25;5;0.33
225;25;5;0.21
235;25;5;0.24
245;25;5;0.21
265;25;5;0.24
275;25;5;0.24
285;25;5;0.18
315;25;5;0.36
345;25;5;0.24
385;25;5;0.24
-375;35;5;0.15
-355;35;5;0.39
-345;35;5;0.21
-315;35;5;0.15
-285;35;5;0.33
-255;35;5;0.3
-205;35;5;0.15
-185;35;5;0.15
185;35;5;0.24
205;35;5;0.15
235;35;5;0.24
245;35;5;0.21
265;35;5;0.36
275;35;5;0.21
305;35;5;0.09
315;35;5;0.18
345;35;5;0.27
355;35;5;0.27
365;35;5;0.24
375;35;5;0.21
385;35;5;0.33
-395;45;5;0.15
-385;45;5;0.24
-375;45;5;0.12
-365;45;5;0.3
-285;45;5;0.21
-265;45;5;0.18
-235;45;5;0.27
-195;45;5;0.27
-185;45;5;0.15
175;45;5;0.09
215;45;5;0.09
235;45;5;0.24
245;45;5;0.12
255;45;5;0.21
265;45;5;0.18
275;45;5;0.18
295;45;5;0.18
305;45;5;0.42
315;45;5;0.24
325;45;5;0.33
335;45;5;0.12
365;45;5;0.18
375;45;5;0.21
-395;55;5;0.18
-335;55;5;0.15
-315;55;5;0.27
-255;55;5;0.24
-235;55;5;0.33
-225;55;5;0.09
-205;55;5;0.21
-195;55;5;0.15
-185;55;5;0.18
175;55;5;0.15
185;55;5;0.27
205;55;5;0.15
235;55;5;0.24
265;55;5;0.27
275;55;5;0.24
295;55;5;0.15
305;55;5;0.27
325;55;5;0.15
355;55;5;0.15
395;55;5;0.12
-385;65;5;0.18
-375;65;5;0.33
-355;65;5;0.24
-345;65;5;0.36
-335;65;5;0.06
-295;65;5;0.39
-265;65;5;0.42
-255;65;5;0.15
-245;65;5;0.42
-205;65;5;0.09
175;65;5;0.06
215;65;5;0.51
265;65;5;0.39
285;65;5;0.3
315;65;5;0.6
335;65;5;0.18
345;65;5;0.39
385;65;5;0.18
-395;75;5;0.09
-375;75;5;0.3
-365;75;5;0.12
-355;75;5;0.21
-335;75;5;0.15
-295;75;5;0.3
-285;75;5;0.24
-225;75;5;0.3
-215;75;5;0.27
-175;75;5;0.06
45;75;5;0.09
175;75;5;0.21
195;75;5;0.12
205;75;5;0.36
235;75;5;0.21
245;75;5;0.15
265;75;5;0.24
295;75;5;0.09
305;75;5;0.18
315;75;5;0.36
325;75;5;0.03
365;75;5;0.27
375;75;5;0.15
385;75;5;0.27
-385;85;5;0.12
-375;85;5;0.27
-345;85;5;0.27
-285;85;5;0.33
-245;85;5;0.27
-235;85;5;0.39
-195;85;5;0.24
-85;85;5;0.15
65;85;5;0.18
175;85;5;0.18
185;85;5;0.18
205;85;5;0.12
225;85;5;0.15
235;85;5;0.12
245;85;5;0.36
265;85;5;0.12
275;85;5;0.24
285;85;5;0.06
295;85;5;0.18
315;85;5;0.24
325;85;5;0.42
335;85;5;0.03
345;85;5;0.21
365;85;5;0.12
-385;95;5;0.15
-355;95;5;0.39
-345;95;5;0.21
-295;95;5;0.21
-285;95;5;0.21
-275;95;5;0.18
-255;95;5;0.24
-245;95;5;0.21
-215;95;5;0.21
-185;95;5;0.12
-55;95;5;0.03
195;95;5;0.27
235;95;5;0.3
245;95;5;0.24
295;95;5;0.21
305;95;5;0.21
355;95;5;0.18
365;95;5;0.33
375;95;5;0.21
-385;105;5;0.24
-365;105;5;0.3
-355;105;5;0.24
-315;105;5;0.3
-305;105;5;0.21
-285;105;5;0.36
-245;105;5;0.06
-235;105;5;0.3
-225;105;5;0.24
-215;105;5;0.27
-195;105;5;0.21
-175;105;5;0.21
55;105;5;0.12
205;105;5;0.09
225;105;5;0.39
255;105;5;0.12
265;105;5;0.15
275;105;5;0.42
285;105;5;0.06
325;105;5;0.36
335;105;5;0.15
345;105;5;0.39
355;105;5;0.21
365;105;5;0.06
375;105;5;0.36
-395;115;5;0.3
-385;115;5;0.21
-345;115;5;0.12
-325;115;5;0.15
-315;115;5;0.3
-275;115;5;0.12
-225;115;5;0.3
-215;115;5;0.3
-205;115;5;0.18
155;115;5;0.03
185;115;5;0.24
195;115;5;0.39
215;115;5;0.24
235;115;5;0.12
255;115;5;0.09
275;115;5;0.12
285;115;5;0.24
295;115;5;0.24
325;115;5;0.27
335;115;5;0.15
355;115;5;0.15
365;115;5;0.06
-375;125;5;0.3
-365;125;5;0.21
-355;125;5;0.24
-345;125;5;0.09
-335;125;5;0.21
-325;125;5;0.21
-255;125;5;0.24
-245;125;5;0.21
-235;125;5;0.39
-215;125;5;0.3
-185;125;5;0.18
-165;125;5;0.3
155;125;5;0.15
165;125;5;0.33
175;125;5;0.21
195;125;5;0.27
205;125;5;0.12
225;125;5;0.33
255;125;5;0.06
275;125;5;0.24
285;125;5;0.18
315;125;5;0.36
345;125;5;0.39
355;125;5;0.18
365;125;5;0.18
395;125;5;0.18
-395;135;5;0.03
-385;135;5;0.45
-375;135;5;0.09
-355;135;5;0.39
-345;135;5;0.09
-315;135;5;0.18
-295;135;5;0.09
-285;135;5;0.33
-275;135;5;0.21
-265;135;5;0.27
-235;135;5;0.3
-225;135;5;0.33
-215;135;5;0.12
-205;135;5;0.45
-195;135;5;0.03
-175;135;5;0.33
-155;135;5;0.12
145;135;5;0.12
175;135;5;0.6
185;135;5;0.09
195;135;5;0.3
205;135;5;0.36
215;135;5;0.12
225;135;5;0.48
235;135;5;0.12
245;135;5;0.06
275;135;5;0.33
305;135;5;0.57
315;135;5;0.09
335;135;5;0.39
355;135;5;0.54
365;135;5;0.06
375;135;5;0.12
385;135;5;0.33
395;135;5;0.06
-385;145;5;0.27
-375;145;5;0.21
-355;145;5;0.42
-345;145;5;0.24
-335;145;5;0.21
-295;145;5;0.24
-285;145;5;0.18
-245;145;5;0.15
-215;145;5;0.18
-175;145;5;0.18
-165;145;5;0.36
-155;145;5;0.3
215;145;5;0.24
225;145;5;0.18
245;145;5;0.15
255;145;5;0.21
285;145;5;0.18
295;145;5;0.15
315;145;5;0.27
365;145;5;0.12
375;145;5;0.15
395;145;5;0.18
-395;155;5;0.03
-375;155;5;0.42
-365;155;5;0.06
-345;155;5;0.3
-335;155;5;0.06
-285;155;5;0.03
-275;155;5;0.3
-265;155;5;0.24
-255;155;5;0.24
-215;155;5;0.24
-205;155;5;0.18
-195;155;5;0.45
-185;155;5;0.03
-155;155;5;0.12
155;155;5;0.24
175;155;5;0.15
215;155;5;0.45
225;155;5;0.09
235;155;5;0.24
275;155;5;0.03
285;155;5;0.3
295;155;5;0.18
305;155;5;0.09
315;155;5;0.48
335;155;5;0.18
345;155;5;0.33
385;155;5;0.09
-395;165;5;0.27
-345;165;5;0.42
-325;165;5;0.36
-315;165;5;0.33
-295;165;5;0.27
-275;165;5;0.27
-225;165;5;0.27
-215;165;5;0.33
-205;165;5;0.15
-175;165;5;0.21
-165;165;5;0.24
-135;165;5;0.21
125;165;5;0.15
135;165;5;0.3
155;165;5;0.18
175;165;5;0.15
195;165;5;0.15
235;165;5;0.33
245;165;5;0.18
255;165;5;0.24
265;165;5;0.24
305;165;5;0.15
315;165;5;0.48
325;165;5;0.15
-395;175;5;0.15
-385;175;5;0.21
-375;175;5;0.12
-365;175;5;0.33
-345;175;5;0.12
-335;175;5;0.21
-325;175;5;0.21
-295;175;5;0.39
-285;175;5;0.3
-275;175;5;0.27
-265;175;5;0.21
-255;175;5;0.15
-245;175;5;0.24
-215;175;5;0.12
-205;175;5;0.21
-175;175;5;0.33
-165;175;5;0.12
-155;175;5;0.24
-125;175;5;0.06
115;175;5;0.06
125;175;5;0.3
145;175;5;0.09
165;175;5;0.09
235;175;5;0.24
255;175;5;0.15
295;175;5;0.12
305;175;5;0.21
315;175;5;0.21
335;175;5;0.39
345;175;5;0.18
355;175;5;0.27
375;175;5;0.15
385;175;5;0.21
395;175;5;0.09
-375;185;5;0.3
-365;185;5;0.18
-355;185;5;0.21
-345;185;5;0.18
-335;185;5;0.18
-325;185;5;0.3
-285;185;5;0.15
-265;185;5;0.21
-255;185;5;0.24
-195;185;5;0.39
-175;185;5;0.39
-165;185;5;0.06
-145;185;5;0.33
-135;185;5;0.12
115;185;5;0.3
125;185;5;0.27
135;185;5;0.21
145;185;5;0.15
155;185;5;0.39
175;185;5;0.24
185;185;5;0.27
195;185;5;0.27
205;185;5;0.18
215;185;5;0.09
225;185;5;0.21
235;185;5;0.24
245;185;5;0.36
255;185;5;0.39
275;185;5;0.18
295;185;5;0.12
315;185;5;0.33
345;185;5;0.09
355;185;5;0.21
-395;195;5;0.3
-385;195;5;0.24
-375;195;5;0.27
-325;195;5;0.09
-315;195;5;0.45
-305;195;5;0.12
-295;195;5;0.27
-285;195;5;0.33
-275;195;5;0.09
-255;195;5;0.27
-235;195;5;0.27
-225;195;5;0.12
-215;195;5;0.3
-195;195;5;0.33
-185;195;5;0.33
-175;195;5;0.15
-165;195;5;0.15
-125;195;5;0.09
-115;195;5;0.12
85;195;5;0.03
95;195;5;0.15
105;195;5;0.09
115;195;5;0.33
125;195;5;0.09
145;195;5;0.3
185;195;5;0.27
205;195;5;0.21
245;195;5;0.3
255;195;5;0.12
295;195;5;0.39
305;195;5;0.24
315;195;5;0.12
355;195;5;0.15
375;195;5;0.48
385;195;5;0.15
-375;205;5;0.12
-365;205;5;0.12
-355;205;5;0.42
-325;205;5;0.18
-315;205;5;0.27
-305;205;5;0.27
-285;205;5;0.09
-265;205;5;0.21
-255;205;5;0.18
-225;205;5;0.18
-205;205;5;0.09
-195;205;5;0.24
-185;205;5;0.15
-165;205;5;0.24
-145;205;5;0.21
-125;205;5;0.36
-105;205;5;0.27
-95;205;5;0.27
-85;205;5;0.18
85;205;5;0.24
135;205;5;0.21
145;205;5;0.09
155;205;5;0.18
165;205;5;0.21
185;205;5;0.3
205;205;5;0.39
215;205;5;0.15
235;205;5;0.15
245;205;5;0.06
305;205;5;0.21
325;205;5;0.21
345;205;5;0.18
-395;215;5;0.15
-385;215;5;0.42
-365;215;5;0.24
-355;215;5;0.33
-345;215;5;0.09
-305;215;5;0.36
-295;215;5;0.15
-285;215;5;0.36
-265;215;5;0.18
-205;215;5;0.42
-195;215;5;0.15
-175;215;5;0.36
-165;215;5;0.12
-145;215;5;0.15
-135;215;5;0.18
-125;215;5;0.45
-105;215;5;0.42
-75;215;5;0.48
-65;215;5;0.03
75;215;5;0.39
95;215;5;0.33
105;215;5;0.21
125;215;5;0.45
135;215;5;0.24
145;215;5;0.39
155;215;5;0.12
185;215;5;0.21
195;215;5;0.39
205;215;5;0.09
215;215;5;0.15
245;215;5;0.24
255;215;5;0.3
275;215;5;0.27
285;215;5;0.24
295;215;5;0.15
325;215;5;0.36
345;215;5;0.15
365;215;5;0.09
375;215;5;0.18
395;215;5;0.09
-375;225;5;0.27
-345;225;5;0.21
-315;225;5;0.24
-305;225;5;0.21
-295;225;5;0.48
-285;225;5;0.09
-275;225;5;0.33
-255;225;5;0.36
-245;225;5;0.27
-235;225;5;0.15
-205;225;5;0.3
-185;225;5;0.24
-165;225;5;0.3
-125;225;5;0.18
-95;225;5;0.18
-85;225;5;0.06
-55;225;5;0.12
-45;225;5;0.3
-15;225;5;0.24
-5;225;5;0.06
5;225;5;0.06
55;225;5;0.21
65;225;5;0.21
85;225;5;0.33
105;225;5;0.15
115;225;5;0.3
145;225;5;0.18
165;225;5;0.21
175;225;5;0.36
185;225;5;0.24
195;225;5;0.27
225;225;5;0.21
235;225;5;0.15
245;225;5;0.3
265;225;5;0.15
275;225;5;0.3
285;225;5;0.12
295;225;5;0.18
305;225;5;0.09
335;225;5;0.21
345;225;5;0.24
375;225;5;0.3
395;225;5;0.06
-385;235;5;0.3
-365;235;5;0.27
-335;235;5;0.18
-315;235;5;0.3
-305;235;5;0.24
-285;235;5;0.24
-275;235;5;0.24
-255;235;5;0.15
-245;235;5;0.18
-185;235;5;0.21
-165;235;5;0.15
-125;235;5;0.3
-115;235;5;0.15
-75;235;5;0.3
-55;235;5;0.27
-45;235;5;0.18
-25;235;5;0.21
15;235;5;0.18
25;235;5;0.24
45;235;5;0.27
55;235;5;0.24
65;235;5;0.18
75;235;5;0.24
85;235;5;0.27
95;235;5;0.21
105;235;5;0.27
125;235;5;0.27
145;235;5;0.24
155;235;5;0.24
175;235;5;0.18
185;235;5;0.18
195;235;5;0.18
215;235;5;0.12
245;235;5;0.15
255;235;5;0.27
265;235;5;0.18
285;235;5;0.27
305;235;5;0.27
315;235;5;0.27
335;235;5;0.21
375;235;5;0.18
385;235;5;0.24
-395;245;5;0.18
-365;245;5;0.27
-355;245;5;0.18
-335;245;5;0.3
-315;245;5;0.18
-305;245;5;0.27
-295;245;5;0.21
-275;245;5;0.21
-265;245;5;0.51
-245;245;5;0.09
-235;245;5;0.39
-205;245;5;0.18
-125;245;5;0.24
-115;245;5;0.33
-105;245;5;0.15
-65;245;5;0.24
-45;245;5;0.15
-35;245;5;0.39
-25;245;5;0.21
-15;245;5;0.33
-5;245;5;0.21
5;245;5;0.18
65;245;5;0.24
75;245;5;0.15
105;245;5;0.15
125;245;5;0.24
135;245;5;0.24
145;245;5;0.21
195;245;5;0.3
215;245;5;0.21
225;245;5;0.21
235;245;5;0.15
245;245;5;0.12
255;245;5;0.21
285;245;5;0.3
295;245;5;0.3
325;245;5;0.21
345;245;5;0.21
355;245;5;0.18
395;245;5;0.12
-345;255;5;0.21
-335;255;5;0.24
-325;255;5;0.24
-315;255;5;0.21
-305;255;5;0.27
-285;255;5;0.27
-275;255;5;0.18
-265;255;5;0.27
-245;255;5;0.33
-235;255;5;0.12
-225;255;5;0.33
-195;255;5;0.21
-185;255;5;0.21
-165;255;5;0.18
-145;255;5;0.15
-115;255;5;0.27
-95;255;5;0.18
-85;255;5;0.15
-75;255;5;0.21
-55;255;5;0.15
-45;255;5;0.39
-35;255;5;0.15
-25;255;5;0.21
15;255;5;0.24
25;255;5;0.21
55;255;5;0.24
85;255;5;0.18
105;255;5;0.24
115;255;5;0.15
145;255;5;0.42
155;255;5;0.27
165;255;5;0.24
195;255;5;0.3
205;255;5;0.3
225;255;5;0.24
235;255;5;0.24
255;255;5;0.15
275;255;5;0.27
285;255;5;0.27
295;255;5;0.12
315;255;5;0.33
345;255;5;0.24
365;255;5;0.21
375;255;5;0.3
-395;265;5;0.12
-355;265;5;0.24
-335;265;5;0.36
-305;265;5;0.21
-295;265;5;0.18
-285;265;5;0.24
-265;265;5;0.24
-255;265;5;0.21
-225;265;5;0.33
-215;265;5;0.15
-205;265;5;0.3
-185;265;5;0.24
-145;265;5;0.27
-125;265;5;0.21
-85;265;5;0.27
-75;265;5;0.3
-45;265;5;0.33
-35;265;5;0.24
-25;265;5;0.3
-5;265;5;0.15
5;265;5;0.27
25;265;5;0.12
45;265;5;0.21
75;265;5;0.33
105;265;5;0.24
125;265;5;0.12
135;265;5;0.21
155;265;5;0.15
165;265;5;0.18
185;265;5;0.21
195;265;5;0.15
215;265;5;0.36
235;265;5;0.12
255;265;5;0.27
265;265;5;0.27
305;265;5;0.18
315;265;5;0.21
325;265;5;0.24
335;265;5;0.3
365;265;5;0.21
385;265;5;0.3
395;265;5;0.12
-395;275;5;0.15
-385;275;5;0.24
-375;275;5;0.15
-365;275;5;0.36
-305;275;5;0.18
-295;275;5;0.33
-275;275;5;0.06
-255;275;5;0.18
-235;275;5;0.27
-225;275;5;0.15
-195;275;5;0.15
-175;275;5;0.24
-165;275;5;0.15
-145;275;5;0.09
-125;275;5;0.27
-115;275;5;0.18
-105;275;5;0.27
-85;275;5;0.24
-75;275;5;0.18
-65;275;5;0.12
-55;275;5;0.18
-35;275;5;0.3
-25;275;5;0.15
-15;275;5;0.21
-5;275;5;0.33
5;275;5;0.06
15;275;5;0.33
25;275;5;0.33
45;275;5;0.21
95;275;5;0.3
115;275;5;0.15
125;275;5;0.33
155;275;5;0.36
165;275;5;0.21
175;275;5;0.3
185;275;5;0.24
195;275;5;0.24
205;275;5;0.21
225;275;5;0.12
235;275;5;0.24
265;275;5;0.21
275;275;5;0.33
285;275;5;0.15
305;275;5;0.3
315;275;5;0.12
335;275;5;0.21
345;275;5;0.21
365;275;5;0.27
375;275;5;0.21
385;275;5;0.15
-395;285;5;0.18
-375;285;5;0.24
-355;285;5;0.18
-345;285;5;0.36
-315;285;5;0.33
-285;285;5;0.09
-235;285;5;0.24
-225;285;5;0.18
-215;285;5;0.21
-205;285;5;0.27
-185;285;5;0.24
-175;285;5;0.24
-165;285;5;0.3
-155;285;5;0.12
-135;285;5;0.27
-125;285;5;0.24
-115;285;5;0.27
-85;285;5;0.09
-55;285;5;0.18
-25;285;5;0.18
-15;285;5;0.18
55;285;5;0.12
75;285;5;0.24
95;285;5;0.21
105;285;5;0.21
125;285;5;0.12
135;285;5;0.24
145;285;5;0.27
165;285;5;0.18
195;285;5;0.15
225;285;5;0.24
265;285;5;0.09
285;285;5;0.09
305;285;5;0.3
325;285;5;0.42
335;285;5;0.09
345;285;5;0.39
355;285;5;0.21
375;285;5;0.21
385;285;5;0.33
-385;295;5;0.21
-375;295;5;0.12
-355;295;5;0.21
-335;295;5;0.21
-325;295;5;0.33
-315;295;5;0.21
-275;295;5;0.15
-265;295;5;0.21
-225;295;5;0.18
-185;295;5;0.21
-165;295;5;0.21
-145;295;5;0.21
-125;295;5;0.3
-115;295;5;0.33
-95;295;5;0.21
-85;295;5;0.24
-55;295;5;0.24
-25;295;5;0.33
-5;295;5;0.21
5;295;5;0.27
55;295;5;0.3
75;295;5;0.15
115;295;5;0.3
135;295;5;0.18
145;295;5;0.12
155;295;5;0.18
165;295;5;0.3
175;295;5;0.12
195;295;5;0.21
205;295;5;0.24
225;295;5;0.27
235;295;5;0.33
245;295;5;0.18
275;295;5;0.21
285;295;5;0.33
305;295;5;0.12
325;295;5;0.15
335;295;5;0.15
345;295;5;0.21
355;295;5;0.21
365;295;5;0.3
375;295;5;0.27
385;295;5;0.15
-395;305;5;0.21
-375;305;5;0.12
-365;305;5;0.33
-355;305;5;0.24
-345;305;5;0.21
-275;305;5;0.12
-255;305;5;0.24
-235;305;5;0.24
-225;305;5;0.27
-215;305;5;0.27
-205;305;5;0.15
-175;305;5;0.21
-155;305;5;0.27
-75;305;5;0.15
-45;305;5;0.33
-25;305;5;0.27
-15;305;5;0.21
5;305;5;0.18
55;305;5;0.24
95;305;5;0.12
105;305;5;0.27
175;305;5;0.15
215;305;5;0.21
225;305;5;0.24
235;305;5;0.27
265;305;5;0.18
285;305;5;0.3
295;305;5;0.03
315;305;5;0.24
345;305;5;0.15
355;305;5;0.15
375;305;5;0.09
385;305;5;0.15
-395;315;5;0.18
-375;315;5;0.3
-365;315;5;0.21
-345;315;5;0.15
-335;315;5;0.21
-315;315;5;0.18
-275;315;5;0.27
-245;315;5;0.21
-235;315;5;0.18
-215;315;5;0.18
-195;315;5;0.33
-155;315;5;0.18
-145;315;5;0.15
-135;315;5;0.3
-115;315;5;0.15
-85;315;5;0.27
-55;315;5;0.27
-25;315;5;0.24
-15;315;5;0.21
5;315;5;0.27
25;315;5;0.15
35;315;5;0.36
65;315;5;0.21
95;315;5;0.27
115;315;5;0.18
135;315;5;0.21
145;315;5;0.24
155;315;5;0.12
165;315;5;0.18
185;315;5;0.24
245;315;5;0.3
275;315;5;0.24
335;315;5;0.12
365;315;5;0.12
385;315;5;0.18
-375;325;5;0.12
-345;325;5;0.15
-335;325;5;0.24
-315;325;5;0.12
-295;325;5;0.27
-265;325;5;0.18
-245;325;5;0.21
-215;325;5;0.15
-205;325;5;0.15
-165;325;5;0.33
-155;325;5;0.3
-145;325;5;0.09
-135;325;5;0.21
-75;325;5;0.18
-55;325;5;0.15
-45;325;5;0.33
-35;325;5;0.27
-25;325;5;0.18
-15;325;5;0.27
-5;325;5;0.27
5;325;5;0.21
45;325;5;0.27
55;325;5;0.3
75;325;5;0.12
105;325;5;0.21
155;325;5;0.21
185;325;5;0.36
195;325;5;0.3
215;325;5;0.33
225;325;5;0.18
315;325;5;0.27
365;325;5;0.27
395;325;5;0.15
-375;335;5;0.18
-365;335;5;0.06
-345;335;5;0.21
-335;335;5;0.18
-325;335;5;0.15
-315;335;5;0.21
-295;335;5;0.09
-285;335;5;0.24
-275;335;5;0.3
-245;335;5;0.18
-235;335;5;0.27
-195;335;5;0.15
-185;335;5;0.18
-175;335;5;0.3
-155;335;5;0.15
-145;335;5;0.24
-125;335;5;0.18
-115;335;5;0.06
-105;335;5;0.15
-85;335;5;0.15
5;335;5;0.27
35;335;5;0.3
45;335;5;0.15
55;335;5;0.33
65;335;5;0.15
75;335;5;0.12
95;335;5;0.15
145;335;5;0.21
165;335;5;0.03
185;335;5;0.24
205;335;5;0.21
215;335;5;0.18
235;335;5;0.18
245;335;5;0.21
255;335;5;0.21
265;335;5;0.15
275;335;5;0.21
295;335;5;0.12
315;335;5;0.21
335;335;5;0.18
355;335;5;0.21
365;335;5;0.09
375;335;5;0.15
385;335;5;0.3
395;335;5;0.15
-395;345;5;0.18
-385;345;5;0.15
-375;345;5;0.24
-345;345;5;0.24
-315;345;5;0.15
-305;345;5;0.27
-295;345;5;0.33
-285;345;5;0.33
-265;345;5;0.21
-245;345;5;0.18
-195;345;5;0.21
-185;345;5;0.27
-165;345;5;0.42
-115;345;5;0.24
-85;345;5;0.33
-75;345;5;0.12
-35;345;5;0.21
-25;345;5;0.21
-15;345;5;0.21
25;345;5;0.27
55;345;5;0.24
65;345;5;0.21
95;345;5;0.18
125;345;5;0.15
135;345;5;0.06
145;345;5;0.3
155;345;5;0.27
175;345;5;0.27
185;345;5;0.33
195;345;5;0.36
205;345;5;0.15
215;345;5;0.3
245;345;5;0.27
255;345;5;0.33
265;345;5;0.21
275;345;5;0.27
285;345;5;0.18
305;345;5;0.24
325;345;5;0.27
355;345;5;0.24
365;345;5;0.15
375;345;5;0.3
385;345;5;0.27
395;345;5;0.12
-395;355;5;0.15
-385;355;5;0.12
-345;355;5;0.33
-335;355;5;0.12
-305;355;5;0.15
-285;355;5;0.21
-265;355;5;0.3
-235;355;5;0.21
-215;355;5;0.3
-195;355;5;0.24
-185;355;5;0.33
-165;355;5;0.21
-115;355;5;0.21
-105;355;5;0.18
-95;355;5;0.18
-75;355;5;0.24
-65;355;5;0.33
-35;355;5;0.36
-25;355;5;0.09
25;355;5;0.18
35;355;5;0.3
45;355;5;0.09
75;355;5;0.15
95;355;5;0.18
135;355;5;0.18
145;355;5;0.18
175;355;5;0.24
205;355;5;0.33
225;355;5;0.21
235;355;5;0.27
255;355;5;0.18
275;355;5;0.33
285;355;5;0.21
305;355;5;0.24
315;355;5;0.12
325;355;5;0.21
335;355;5;0.18
345;355;5;0.42
-395;365;5;0.15
-375;365;5;0.3
-365;365;5;0.09
-325;365;5;0.24
-305;365;5;0.27
-275;365;5;0.15
-255;365;5;0.18
-245;365;5;0.18
-235;365;5;0.3
-225;365;5;0.24
-215;365;5;0.15
-205;365;5;0.12
-195;365;5;0.24
-175;365;5;0.27
-165;365;5;0.24
-155;365;5;0.18
-145;365;5;0.21
-115;365;5;0.12
-95;365;5;0.3
-85;365;5;0.06
-75;365;5;0.33
-25;365;5;0.24
-15;365;5;0.15
35;365;5;0.21
65;365;5;0.12
85;365;5;0.24
105;365;5;0.3
135;365;5;0.33
145;365;5;0.09
205;365;5;0.24
235;365;5;0.18
245;365;5;0.21
265;365;5;0.21
275;365;5;0.18
295;365;5;0.21
305;365;5;0.18
315;365;5;0.33
335;365;5;0.21
345;365;5;0.12
355;365;5;0.24
385;365;5;0.24
-395;375;5;0.24
-375;375;5;0.12
-365;375;5;0.18
-345;375;5;0.21
-335;375;5;0.24
-315;375;5;0.18
-285;375;5;0.36
-255;375;5;0.15
-235;375;5;0.21
-225;375;5;0.18
-205;375;5;0.18
-195;375;5;0.21
-175;375;5;0.24
-165;375;5;0.33
-155;375;5;0.3
-125;375;5;0.33
-75;375;5;0.21
-65;375;5;0.21
-55;375;5;0.27
-45;375;5;0.24
-35;375;5;0.18
-25;375;5;0.18
-15;375;5;0.27
5;375;5;0.24
15;375;5;0.27
35;375;5;0.18
45;375;5;0.33
65;375;5;0.18
105;375;5;0.21
115;375;5;0.33
125;375;5;0.24
145;375;5;0.24
185;375;5;0.18
205;375;5;0.18
215;375;5;0.03
225;375;5;0.33
245;375;5;0.15
255;375;5;0.3
275;375;5;0.18
285;375;5;0.27
295;375;5;0.21
305;375;5;0.24
335;375;5;0.27
345;375;5;0.24
385;375;5;0.15
-395;385;5;0.15
-335;385;5;0.09
-315;385;5;0.27
-305;385;5;0.18
-275;385;5;0.27
-255;385;5;0.24
-245;385;5;0.15
-205;385;5;0.21
-195;385;5;0.24
-185;385;5;0.12
-165;385;5;0.15
-155;385;5;0.21
-145;385;5;0.21
-115;385;5;0.24
-105;385;5;0.24
-85;385;5;0.18
-65;385;5;0.33
-5;385;5;0.27
45;385;5;0.24
95;385;5;0.09
125;385;5;0.39
135;385;5;0.12
145;385;5;0.24
155;385;5;0.15
175;385;5;0.42
195;385;5;0.3
215;385;5;0.18
225;385;5;0.24
235;385;5;0.12
245;385;5;0.39
275;385;5;0.21
285;385;5;0.21
295;385;5;0.21
305;385;5;0.42
325;385;5;0.21
335;385;5;0.18
355;385;5;0.36
365;385;5;0.18
-395;395;5;0.21
-385;395;5;0.18
-375;395;5;0.24
-345;395;5;0.24
-335;395;5;0.24
-325;395;5;0.18
-265;395;5;0.21
-225;395;5;0.3
-215;395;5;0.21
-195;395;5;0.18
-185;395;5;0.18
-175;395;5;0.3
-165;395;5;0.36
-145;395;5;0.27
-125;395;5;0.27
-115;395;5;0.24
-105;395;5;0.18
-75;395;5;0.21
-65;395;5;0.3
-55;395;5;0.33
-15;395;5;0.3
-5;395;5;0.15
5;395;5;0.15
35;395;5;0.18
65;395;5;0.27
85;395;5;0.36
95;395;5;0.24
125;395;5;0.18
165;395;5;0.18
205;395;5;0.12
245;395;5;0.27
255;395;5;0.27
265;395;5;0.24
275;395;5;0.24
295;395;5;0.21
305;395;5;0.09
315;395;5;0.33
325;395;5;0.27
335;395;5;0.15
345;395;5;0.33
355;395;5;0.21
385;395;5;0.12
